# t, xL, yL, xR, yR, theta_L [deg], thetaS_L [deg], theta_R [deg], thetaS_R [deg], ycom, xcom
5e-05 -0.502321 0 0.502267 0 0 0 0 0 0.212489 -1.97288e-07
0.0001 -0.503613 0 0.503534 0 0 0 0 0 0.212487 -1.97288e-07
0.00015 -0.504195 0 0.50411 0 0 0 0 0 0.212485 -1.98202e-07
0.0002 -0.504811 0 0.504752 0 0 0 0 0 0.212483 -1.99907e-07
0.00025 -0.505193 0 0.505165 0 0 0 0 0 0.212481 -2.01999e-07
0.0003 -0.505624 0 0.505631 0 0 0 0 0 0.212478 -2.04452e-07
0.00035 -0.505935 0 0.505961 0 0 0 0 0 0.212475 -2.07166e-07
0.0004 -0.506287 0 0.506332 0 0 0 0 0 0.212472 -2.101e-07
0.00045 -0.506562 0 0.506618 0 0 0 0 0 0.212469 -2.13269e-07
0.0005 -0.506871 0 0.506936 0 0 0 0 0 0.212465 -2.1669e-07
0.00055 -0.507113 0 0.507172 0 0 0 0 0 0.212462 -1.87833e-06
0.0006 -0.507412 0 0.507457 0 0 0 0 0 0.212458 -1.88183e-06
0.00065 -0.50766 0 0.5077 0 0 0 0 0 0.212453 -1.88498e-06
0.0007 -0.507928 0 0.507967 0 0 0 0 0 0.212449 -1.8885e-06
0.00075 -0.508163 0 0.508204 0 0 0 0 0 0.212444 -1.89288e-06
0.0008 -0.508412 0 0.508461 0 0 0 0 0 0.212439 -1.8979e-06
0.00085 -0.508636 0 0.508693 0 0 0 0 0 0.212434 -1.90383e-06
0.0009 -0.508871 0 0.508938 0 0 0 0 0 0.212428 -1.91045e-06
0.00095 -0.509085 0 0.50916 0 0 0 0 0 0.212423 -1.91784e-06
0.001 -0.509309 0 0.509392 0 0 0 0 0 0.212417 -1.92598e-06
0.00105 -0.509545 0 0.50958 0 0 0 0 0 0.212411 -2.13985e-06
0.0011 -0.509758 0 0.509793 0 0 0 0 0 0.212405 -2.14936e-06
0.00115 -0.509954 0 0.509993 0 0 0 0 0 0.212399 -2.16e-06
0.0012 -0.510159 0 0.510203 0 0 0 0 0 0.212392 -2.17099e-06
0.00125 -0.510356 0 0.510403 0 0 0 0 0 0.212385 -2.18246e-06
0.0013 -0.510558 0 0.510611 0 0 0 0 0 0.212378 -2.19447e-06
0.00135 -0.510753 0 0.51081 0 0 0 0 0 0.212371 -2.20696e-06
0.0014 -0.510952 0 0.511015 0 0 0 0 0 0.212364 -2.22e-06
0.00145 -0.511147 0 0.511211 0 0 0 0 0 0.212356 -2.23356e-06
0.0015 -0.511343 0 0.511409 0 0 0 0 0 0.212349 -2.24764e-06
0.00155 -0.511594 0 0.511624 0 0 0 0 0 0.212341 -2.03772e-06
0.0016 -0.511784 0 0.511811 0 0 0 0 0 0.212333 -2.05301e-06
0.00165 -0.511963 0 0.511988 0 0 0 0 0 0.212325 -2.06849e-06
0.0017 -0.512146 0 0.51217 0 0 0 0 0 0.212316 -2.08452e-06
0.00175 -0.512327 0 0.512348 0 0 0 0 0 0.212308 -2.10107e-06
0.0018 -0.512507 0 0.512527 0 0 0 0 0 0.212299 -2.1181e-06
0.00185 -0.512686 0 0.512703 0 0 0 0 0 0.21229 -2.13559e-06
0.0019 -0.512865 0 0.51288 0 0 0 0 0 0.212282 -2.15354e-06
0.00195 -0.513041 0 0.513054 0 0 0 0 0 0.212272 -2.1719e-06
0.002 -0.513218 0 0.513228 0 0 0 0 0 0.212263 -2.19069e-06
0.00205 -0.513403 0 0.513458 0 0 0 0 0 0.212254 -2.38785e-06
0.0021 -0.513585 0 0.513629 0 0 0 0 0 0.212244 -2.40754e-06
0.00215 -0.513763 0 0.513795 0 0 0 0 0 0.212235 -2.42645e-06
0.0022 -0.51394 0 0.513964 0 0 0 0 0 0.212225 -2.44575e-06
0.00225 -0.514115 0 0.514134 0 0 0 0 0 0.212215 -2.46574e-06
0.0023 -0.514289 0 0.514304 0 0 0 0 0 0.212204 -2.48613e-06
0.00235 -0.514461 0 0.514475 0 0 0 0 0 0.212194 -2.50715e-06
0.0024 -0.514631 0 0.514645 0 0 0 0 0 0.212184 -2.5286e-06
0.00245 -0.514799 0 0.514817 0 0 0 0 0 0.212173 -2.55062e-06
0.0025 -0.514966 0 0.514987 0 0 0 0 0 0.212162 -2.57307e-06
0.00255 -0.515129 0 0.515188 0 0 0 0 0 0.212151 -2.546e-06
0.0026 -0.515291 0 0.515346 0 0 0 0 0 0.21214 -2.56947e-06
0.00265 -0.515453 0 0.515503 0 0 0 0 0 0.212129 -2.59312e-06
0.0027 -0.515614 0 0.515659 0 0 0 0 0 0.212118 -2.61719e-06
0.00275 -0.51578 0 0.515818 0 0 0 0 0 0.212107 -2.64161e-06
0.0028 -0.515942 0 0.515974 0 0 0 0 0 0.212095 -2.6664e-06
0.00285 -0.516109 0 0.516132 0 0 0 0 0 0.212083 -2.69155e-06
0.0029 -0.516272 0 0.516287 0 0 0 0 0 0.212071 -2.71702e-06
0.00295 -0.516438 0 0.516444 0 0 0 0 0 0.212059 -2.74284e-06
0.003 -0.516599 0 0.516598 0 0 0 0 0 0.212047 -2.76898e-06
0.00305 -0.516779 0 0.516766 0 0 0 0 0 0.212035 -2.63791e-06
0.0031 -0.516938 0 0.516926 0 0 0 0 0 0.212023 -2.66478e-06
0.00315 -0.517091 0 0.517085 0 0 0 0 0 0.21201 -2.69221e-06
0.0032 -0.517243 0 0.517241 0 0 0 0 0 0.211998 -2.71996e-06
0.00325 -0.517398 0 0.5174 0 0 0 0 0 0.211985 -2.74802e-06
0.0033 -0.517549 0 0.517554 0 0 0 0 0 0.211972 -2.77644e-06
0.00335 -0.517702 0 0.517711 0 0 0 0 0 0.211959 -2.80517e-06
0.0034 -0.51785 0 0.517863 0 0 0 0 0 0.211946 -2.83426e-06
0.00345 -0.518001 0 0.518017 0 0 0 0 0 0.211933 -2.86365e-06
0.0035 -0.518148 0 0.518166 0 0 0 0 0 0.21192 -2.89337e-06
0.00355 -0.518269 0 0.518307 0 0 0 0 0 0.211906 -2.78257e-06
0.0036 -0.518415 0 0.518452 0 0 0 0 0 0.211893 -2.81308e-06
0.00365 -0.518559 0 0.518601 0 0 0 0 0 0.211879 -2.84419e-06
0.0037 -0.518703 0 0.518747 0 0 0 0 0 0.211865 -2.87552e-06
0.00375 -0.518851 0 0.518899 0 0 0 0 0 0.211851 -2.90712e-06
0.0038 -0.518995 0 0.519047 0 0 0 0 0 0.211837 -2.93912e-06
0.00385 -0.519144 0 0.519201 0 0 0 0 0 0.211823 -2.97145e-06
0.0039 -0.519289 0 0.519349 0 0 0 0 0 0.211809 -3.00418e-06
0.00395 -0.519439 0 0.5195 0 0 0 0 0 0.211795 -3.03725e-06
0.004 -0.519585 0 0.519646 0 0 0 0 0 0.21178 -3.07075e-06
0.00405 -0.519765 0 0.519774 0 0 0 0 0 0.211765 -2.98856e-06
0.0041 -0.519902 0 0.519908 0 0 0 0 0 0.211751 -3.02293e-06
0.00415 -0.520041 0 0.520048 0 0 0 0 0 0.211736 -3.05726e-06
0.0042 -0.520176 0 0.520184 0 0 0 0 0 0.211721 -3.09168e-06
0.00425 -0.520318 0 0.520327 0 0 0 0 0 0.211706 -3.12647e-06
0.0043 -0.520454 0 0.520465 0 0 0 0 0 0.211691 -3.16156e-06
0.00435 -0.520595 0 0.520609 0 0 0 0 0 0.211676 -3.197e-06
0.0044 -0.520731 0 0.520748 0 0 0 0 0 0.21166 -3.2328e-06
0.00445 -0.520873 0 0.520892 0 0 0 0 0 0.211645 -3.26896e-06
0.0045 -0.521009 0 0.521032 0 0 0 0 0 0.21163 -3.30552e-06
