# t, xL, yL, xR, yR, theta_L [deg], thetaS_L [deg], theta_R [deg], thetaS_R [deg], ycom, xcom
5e-05 -0.50055 0 0.500556 0 0 0 0 0 0.21249 -1.97288e-07
0.0001 -0.500884 0 0.500862 0 0 0 0 0 0.21249 -1.97288e-07
0.00015 -0.500993 0 0.500969 0 0 0 0 0 0.21249 -1.97581e-07
0.0002 -0.50117 0 0.501135 0 0 0 0 0 0.21249 -1.97819e-07
0.00025 -0.501274 0 0.501238 0 0 0 0 0 0.21249 -1.97952e-07
0.0003 -0.501415 0 0.501372 0 0 0 0 0 0.212489 -1.98057e-07
0.00035 -0.501514 0 0.50147 0 0 0 0 0 0.212489 -1.98118e-07
0.0004 -0.501638 0 0.501589 0 0 0 0 0 0.212489 -1.98203e-07
0.00045 -0.501733 0 0.501683 0 0 0 0 0 0.212489 -1.98293e-07
0.0005 -0.501846 0 0.501792 0 0 0 0 0 0.212488 -1.98438e-07
0.00055 -0.501963 0 0.501896 0 0 0 0 0 0.212488 -1.45628e-06
0.0006 -0.50207 0 0.502007 0 0 0 0 0 0.212488 -1.45671e-06
0.00065 -0.502156 0 0.5021 0 0 0 0 0 0.212487 -1.45722e-06
0.0007 -0.502252 0 0.502198 0 0 0 0 0 0.212487 -1.45776e-06
0.00075 -0.502338 0 0.502289 0 0 0 0 0 0.212487 -1.45834e-06
0.0008 -0.502429 0 0.502382 0 0 0 0 0 0.212486 -1.45905e-06
0.00085 -0.502513 0 0.502469 0 0 0 0 0 0.212485 -1.45985e-06
0.0009 -0.5026 0 0.502558 0 0 0 0 0 0.212485 -1.46082e-06
0.00095 -0.502681 0 0.502643 0 0 0 0 0 0.212484 -1.46192e-06
0.001 -0.502765 0 0.502729 0 0 0 0 0 0.212484 -1.46318e-06
0.00105 -0.502862 0 0.502822 0 0 0 0 0 0.212483 -1.80609e-06
0.0011 -0.502947 0 0.502915 0 0 0 0 0 0.212482 -1.80774e-06
0.00115 -0.503024 0 0.502994 0 0 0 0 0 0.212482 -1.80972e-06
0.0012 -0.503105 0 0.503076 0 0 0 0 0 0.212481 -1.81187e-06
0.00125 -0.503181 0 0.503155 0 0 0 0 0 0.21248 -1.81426e-06
0.0013 -0.503258 0 0.503234 0 0 0 0 0 0.212479 -1.81688e-06
0.00135 -0.503333 0 0.503311 0 0 0 0 0 0.212479 -1.81973e-06
0.0014 -0.503408 0 0.503388 0 0 0 0 0 0.212478 -1.8228e-06
0.00145 -0.503482 0 0.503463 0 0 0 0 0 0.212477 -1.82609e-06
0.0015 -0.503556 0 0.503538 0 0 0 0 0 0.212476 -1.82961e-06
0.00155 -0.503659 0 0.50362 0 0 0 0 0 0.212475 -1.79602e-06
0.0016 -0.503726 0 0.503695 0 0 0 0 0 0.212474 -1.79986e-06
0.00165 -0.503795 0 0.503772 0 0 0 0 0 0.212473 -1.80405e-06
0.0017 -0.503865 0 0.503846 0 0 0 0 0 0.212472 -1.80862e-06
0.00175 -0.503934 0 0.503919 0 0 0 0 0 0.212471 -1.81341e-06
0.0018 -0.504004 0 0.50399 0 0 0 0 0 0.21247 -1.81842e-06
0.00185 -0.504072 0 0.504061 0 0 0 0 0 0.212469 -1.8236e-06
0.0019 -0.504141 0 0.504131 0 0 0 0 0 0.212468 -1.82894e-06
0.00195 -0.504208 0 0.5042 0 0 0 0 0 0.212466 -1.83442e-06
0.002 -0.504276 0 0.504269 0 0 0 0 0 0.212465 -1.84003e-06
0.00205 -0.504357 0 0.504383 0 0 0 0 0 0.212464 -1.75006e-06
0.0021 -0.504433 0 0.504459 0 0 0 0 0 0.212463 -1.75591e-06
0.00215 -0.504493 0 0.504527 0 0 0 0 0 0.212462 -1.76185e-06
0.0022 -0.504559 0 0.504597 0 0 0 0 0 0.21246 -1.76798e-06
0.00225 -0.504621 0 0.504663 0 0 0 0 0 0.212459 -1.77424e-06
0.0023 -0.504685 0 0.504731 0 0 0 0 0 0.212458 -1.78062e-06
0.00235 -0.504747 0 0.504796 0 0 0 0 0 0.212456 -1.7871e-06
0.0024 -0.50481 0 0.504862 0 0 0 0 0 0.212455 -1.79368e-06
0.00245 -0.504871 0 0.504926 0 0 0 0 0 0.212454 -1.80034e-06
0.0025 -0.504933 0 0.504991 0 0 0 0 0 0.212452 -1.80709e-06
0.00255 -0.50501 0 0.505056 0 0 0 0 0 0.212451 -1.83225e-06
0.0026 -0.505089 0 0.505129 0 0 0 0 0 0.212449 -1.83921e-06
0.00265 -0.505148 0 0.505193 0 0 0 0 0 0.212448 -1.84617e-06
0.0027 -0.505212 0 0.505257 0 0 0 0 0 0.212446 -1.85316e-06
0.00275 -0.505271 0 0.505319 0 0 0 0 0 0.212445 -1.86017e-06
0.0028 -0.505333 0 0.505381 0 0 0 0 0 0.212443 -1.86721e-06
0.00285 -0.505392 0 0.505442 0 0 0 0 0 0.212442 -1.87429e-06
0.0029 -0.505452 0 0.505503 0 0 0 0 0 0.21244 -1.8814e-06
0.00295 -0.505511 0 0.505563 0 0 0 0 0 0.212438 -1.88854e-06
0.003 -0.50557 0 0.505623 0 0 0 0 0 0.212437 -1.89573e-06
0.00305 -0.505631 0 0.505687 0 0 0 0 0 0.212435 -1.83248e-06
0.0031 -0.505699 0 0.50575 0 0 0 0 0 0.212433 -1.83974e-06
0.00315 -0.505755 0 0.505813 0 0 0 0 0 0.212432 -1.84694e-06
0.0032 -0.505815 0 0.505875 0 0 0 0 0 0.21243 -1.85413e-06
0.00325 -0.505872 0 0.505936 0 0 0 0 0 0.212428 -1.86127e-06
0.0033 -0.505929 0 0.505996 0 0 0 0 0 0.212426 -1.86841e-06
0.00335 -0.505986 0 0.506055 0 0 0 0 0 0.212424 -1.87554e-06
0.0034 -0.506043 0 0.506115 0 0 0 0 0 0.212423 -1.88268e-06
0.00345 -0.5061 0 0.506173 0 0 0 0 0 0.212421 -1.88982e-06
0.0035 -0.506157 0 0.506232 0 0 0 0 0 0.212419 -1.89698e-06
0.00355 -0.506247 0 0.506294 0 0 0 0 0 0.212417 -1.77141e-06
0.0036 -0.506317 0 0.506363 0 0 0 0 0 0.212415 -1.77863e-06
0.00365 -0.506369 0 0.506417 0 0 0 0 0 0.212413 -1.78578e-06
0.0037 -0.506429 0 0.506475 0 0 0 0 0 0.212411 -1.79281e-06
0.00375 -0.506483 0 0.50653 0 0 0 0 0 0.212409 -1.79979e-06
0.0038 -0.50654 0 0.506586 0 0 0 0 0 0.212407 -1.80673e-06
0.00385 -0.506595 0 0.506641 0 0 0 0 0 0.212405 -1.81365e-06
0.0039 -0.506651 0 0.506696 0 0 0 0 0 0.212403 -1.82055e-06
0.00395 -0.506706 0 0.506751 0 0 0 0 0 0.212401 -1.82745e-06
0.004 -0.506761 0 0.506805 0 0 0 0 0 0.212399 -1.83434e-06
0.00405 -0.506774 0 0.506838 0 0 0 0 0 0.212397 -2.214e-06
0.0041 -0.506831 0 0.506898 0 0 0 0 0 0.212395 -2.221e-06
0.00415 -0.506887 0 0.506956 0 0 0 0 0 0.212392 -2.2281e-06
0.0042 -0.506942 0 0.507012 0 0 0 0 0 0.21239 -2.23531e-06
0.00425 -0.506997 0 0.507068 0 0 0 0 0 0.212388 -2.24264e-06
0.0043 -0.507051 0 0.507123 0 0 0 0 0 0.212386 -2.25008e-06
0.00435 -0.507106 0 0.507179 0 0 0 0 0 0.212383 -2.25762e-06
0.0044 -0.50716 0 0.507233 0 0 0 0 0 0.212381 -2.26528e-06
0.00445 -0.507215 0 0.507288 0 0 0 0 0 0.212379 -2.27306e-06
0.0045 -0.507269 0 0.507342 0 0 0 0 0 0.212376 -2.28094e-06
0.00455 -0.507329 0 0.507401 0 0 0 0 0 0.212374 -2.45572e-06
0.0046 -0.507383 0 0.50746 0 0 0 0 0 0.212372 -2.46389e-06
0.00465 -0.507439 0 0.507516 0 0 0 0 0 0.212369 -2.47219e-06
0.0047 -0.507494 0 0.507572 0 0 0 0 0 0.212367 -2.48059e-06
0.00475 -0.507549 0 0.507627 0 0 0 0 0 0.212364 -2.4891e-06
0.0048 -0.507603 0 0.507682 0 0 0 0 0 0.212362 -2.49772e-06
0.00485 -0.507658 0 0.507736 0 0 0 0 0 0.212359 -2.50645e-06
0.0049 -0.507712 0 0.50779 0 0 0 0 0 0.212357 -2.51529e-06
0.00495 -0.507766 0 0.507844 0 0 0 0 0 0.212354 -2.52425e-06
0.005 -0.50782 0 0.507898 0 0 0 0 0 0.212352 -2.53331e-06
0.00505 -0.507894 0 0.507939 0 0 0 0 0 0.212349 -2.75073e-06
0.0051 -0.507942 0 0.508001 0 0 0 0 0 0.212347 -2.76007e-06
0.00515 -0.507996 0 0.50805 0 0 0 0 0 0.212344 -2.76954e-06
0.0052 -0.508049 0 0.508103 0 0 0 0 0 0.212341 -2.77912e-06
0.00525 -0.508103 0 0.508153 0 0 0 0 0 0.212339 -2.78879e-06
0.0053 -0.508156 0 0.508205 0 0 0 0 0 0.212336 -2.79855e-06
0.00535 -0.508209 0 0.508256 0 0 0 0 0 0.212333 -2.80841e-06
0.0054 -0.508262 0 0.508307 0 0 0 0 0 0.212331 -2.81837e-06
0.00545 -0.508315 0 0.508358 0 0 0 0 0 0.212328 -2.82844e-06
0.0055 -0.508367 0 0.508409 0 0 0 0 0 0.212325 -2.83861e-06
0.00555 -0.508395 0 0.508489 0 0 0 0 0 0.212323 -2.84971e-06
0.0056 -0.50846 0 0.508543 0 0 0 0 0 0.21232 -2.86017e-06
0.00565 -0.508508 0 0.50859 0 0 0 0 0 0.212317 -2.87064e-06
0.0057 -0.508563 0 0.508639 0 0 0 0 0 0.212314 -2.88121e-06
0.00575 -0.508612 0 0.508686 0 0 0 0 0 0.212311 -2.89186e-06
0.0058 -0.508664 0 0.508735 0 0 0 0 0 0.212308 -2.90263e-06
0.00585 -0.508714 0 0.508783 0 0 0 0 0 0.212305 -2.9135e-06
0.0059 -0.508766 0 0.508831 0 0 0 0 0 0.212302 -2.9245e-06
0.00595 -0.508816 0 0.50888 0 0 0 0 0 0.2123 -2.93563e-06
0.006 -0.508867 0 0.508928 0 0 0 0 0 0.212297 -2.94689e-06
0.00605 -0.508955 0 0.508999 0 0 0 0 0 0.212294 -3.17921e-06
0.0061 -0.509 0 0.509051 0 0 0 0 0 0.212291 -3.19076e-06
0.00615 -0.509047 0 0.509098 0 0 0 0 0 0.212288 -3.20246e-06
0.0062 -0.509095 0 0.509146 0 0 0 0 0 0.212285 -3.21436e-06
0.00625 -0.509143 0 0.509193 0 0 0 0 0 0.212282 -3.2264e-06
0.0063 -0.509192 0 0.50924 0 0 0 0 0 0.212279 -3.23862e-06
0.00635 -0.50924 0 0.509288 0 0 0 0 0 0.212275 -3.251e-06
0.0064 -0.509288 0 0.509335 0 0 0 0 0 0.212272 -3.26355e-06
0.00645 -0.509336 0 0.509382 0 0 0 0 0 0.212269 -3.27627e-06
0.0065 -0.509385 0 0.509429 0 0 0 0 0 0.212266 -3.28916e-06
0.00655 -0.509447 0 0.509512 0 0 0 0 0 0.212263 -3.53258e-06
0.0066 -0.509499 0 0.509554 0 0 0 0 0 0.21226 -3.54586e-06
0.00665 -0.509546 0 0.509601 0 0 0 0 0 0.212257 -3.55925e-06
0.0067 -0.509594 0 0.509646 0 0 0 0 0 0.212253 -3.57286e-06
0.00675 -0.509642 0 0.509692 0 0 0 0 0 0.21225 -3.58666e-06
0.0068 -0.50969 0 0.509738 0 0 0 0 0 0.212247 -3.60069e-06
0.00685 -0.509737 0 0.509784 0 0 0 0 0 0.212244 -3.61493e-06
0.0069 -0.509785 0 0.50983 0 0 0 0 0 0.21224 -3.62941e-06
0.00695 -0.509832 0 0.509876 0 0 0 0 0 0.212237 -3.6441e-06
0.007 -0.50988 0 0.509922 0 0 0 0 0 0.212234 -3.65902e-06
0.00705 -0.509966 0 0.50997 0 0 0 0 0 0.21223 -3.82278e-06
0.0071 -0.510014 0 0.51001 0 0 0 0 0 0.212227 -3.83814e-06
0.00715 -0.510062 0 0.510055 0 0 0 0 0 0.212224 -3.85367e-06
0.0072 -0.510108 0 0.510099 0 0 0 0 0 0.21222 -3.86938e-06
0.00725 -0.510155 0 0.510145 0 0 0 0 0 0.212217 -3.88528e-06
0.0073 -0.5102 0 0.510189 0 0 0 0 0 0.212213 -3.90138e-06
0.00735 -0.510247 0 0.510235 0 0 0 0 0 0.21221 -3.91767e-06
0.0074 -0.510293 0 0.51028 0 0 0 0 0 0.212206 -3.93417e-06
0.00745 -0.510339 0 0.510325 0 0 0 0 0 0.212203 -3.95087e-06
0.0075 -0.510385 0 0.51037 0 0 0 0 0 0.212199 -3.96778e-06
0.00755 -0.510442 0 0.510423 0 0 0 0 0 0.212196 -4.1604e-06
0.0076 -0.510489 0 0.510474 0 0 0 0 0 0.212192 -4.17775e-06
0.00765 -0.510535 0 0.510519 0 0 0 0 0 0.212189 -4.19528e-06
0.0077 -0.510582 0 0.510566 0 0 0 0 0 0.212185 -4.21298e-06
0.00775 -0.510628 0 0.510611 0 0 0 0 0 0.212182 -4.23087e-06
0.0078 -0.510674 0 0.510657 0 0 0 0 0 0.212178 -4.24895e-06
0.00785 -0.510719 0 0.510702 0 0 0 0 0 0.212174 -4.26724e-06
0.0079 -0.510765 0 0.510747 0 0 0 0 0 0.212171 -4.28573e-06
0.00795 -0.510811 0 0.510792 0 0 0 0 0 0.212167 -4.30444e-06
0.008 -0.510857 0 0.510838 0 0 0 0 0 0.212163 -4.32335e-06
0.00805 -0.510917 0 0.510928 0 0 0 0 0 0.21216 -4.29731e-06
0.0081 -0.510958 0 0.510979 0 0 0 0 0 0.212156 -4.31668e-06
0.00815 -0.511002 0 0.511021 0 0 0 0 0 0.212152 -4.33629e-06
0.0082 -0.511045 0 0.511066 0 0 0 0 0 0.212148 -4.35607e-06
0.00825 -0.51109 0 0.51111 0 0 0 0 0 0.212144 -4.37606e-06
0.0083 -0.511133 0 0.511154 0 0 0 0 0 0.212141 -4.39623e-06
0.00835 -0.511178 0 0.511198 0 0 0 0 0 0.212137 -4.41661e-06
0.0084 -0.511222 0 0.511243 0 0 0 0 0 0.212133 -4.43719e-06
0.00845 -0.511267 0 0.511287 0 0 0 0 0 0.212129 -4.45798e-06
0.0085 -0.511311 0 0.511331 0 0 0 0 0 0.212125 -4.47898e-06
0.00855 -0.51136 0 0.511388 0 0 0 0 0 0.212121 -4.39073e-06
