# t, xL, yL, xR, yR, theta_L [deg], thetaS_L [deg], theta_R [deg], thetaS_R [deg], ycom, xcom
5e-05 -0.500671 0 0.500667 0 0 0 0 0 0.21249 -1.97288e-07
0.0001 -0.501057 0 0.501028 0 0 0 0 0 0.21249 -1.97288e-07
0.00015 -0.501189 0 0.501157 0 0 0 0 0 0.21249 -1.97496e-07
0.0002 -0.501386 0 0.501345 0 0 0 0 0 0.21249 -1.97602e-07
0.00025 -0.501502 0 0.50146 0 0 0 0 0 0.212489 -1.97682e-07
0.0003 -0.501656 0 0.501608 0 0 0 0 0 0.212489 -1.97748e-07
0.00035 -0.501764 0 0.501715 0 0 0 0 0 0.212489 -1.97812e-07
0.0004 -0.501898 0 0.501845 0 0 0 0 0 0.212489 -1.97912e-07
0.00045 -0.502 0 0.501947 0 0 0 0 0 0.212488 -1.98042e-07
0.0005 -0.502122 0 0.502065 0 0 0 0 0 0.212488 -1.98235e-07
0.00055 -0.502214 0 0.502199 0 0 0 0 0 0.212488 -1.28927e-06
0.0006 -0.502333 0 0.502313 0 0 0 0 0 0.212487 -1.28976e-06
0.00065 -0.502426 0 0.502406 0 0 0 0 0 0.212487 -1.29023e-06
0.0007 -0.502532 0 0.502511 0 0 0 0 0 0.212486 -1.29071e-06
0.00075 -0.502622 0 0.502603 0 0 0 0 0 0.212486 -1.29128e-06
0.0008 -0.502722 0 0.502704 0 0 0 0 0 0.212485 -1.29198e-06
0.00085 -0.50281 0 0.502794 0 0 0 0 0 0.212485 -1.29281e-06
0.0009 -0.502906 0 0.502891 0 0 0 0 0 0.212484 -1.2938e-06
0.00095 -0.502992 0 0.50298 0 0 0 0 0 0.212483 -1.29493e-06
0.001 -0.503084 0 0.503073 0 0 0 0 0 0.212482 -1.29623e-06
0.00105 -0.503197 0 0.503155 0 0 0 0 0 0.212482 -1.91733e-06
0.0011 -0.503288 0 0.50325 0 0 0 0 0 0.212481 -1.91902e-06
0.00115 -0.503376 0 0.503334 0 0 0 0 0 0.21248 -1.92088e-06
0.0012 -0.503464 0 0.503421 0 0 0 0 0 0.212479 -1.92291e-06
0.00125 -0.503548 0 0.503504 0 0 0 0 0 0.212479 -1.92514e-06
0.0013 -0.503633 0 0.503588 0 0 0 0 0 0.212478 -1.92757e-06
0.00135 -0.503714 0 0.503669 0 0 0 0 0 0.212477 -1.93021e-06
0.0014 -0.503797 0 0.50375 0 0 0 0 0 0.212476 -1.93306e-06
0.00145 -0.503877 0 0.503829 0 0 0 0 0 0.212475 -1.9361e-06
0.0015 -0.503957 0 0.503909 0 0 0 0 0 0.212474 -1.93936e-06
0.00155 -0.504051 0 0.504038 0 0 0 0 0 0.212473 -2.10717e-06
0.0016 -0.504139 0 0.50413 0 0 0 0 0 0.212472 -2.11081e-06
0.00165 -0.504211 0 0.504204 0 0 0 0 0 0.212471 -2.11466e-06
0.0017 -0.50429 0 0.504285 0 0 0 0 0 0.21247 -2.11874e-06
0.00175 -0.504363 0 0.504359 0 0 0 0 0 0.212468 -2.123e-06
0.0018 -0.504439 0 0.504436 0 0 0 0 0 0.212467 -2.12747e-06
0.00185 -0.504511 0 0.504509 0 0 0 0 0 0.212466 -2.1321e-06
0.0019 -0.504585 0 0.504585 0 0 0 0 0 0.212465 -2.13693e-06
0.00195 -0.504656 0 0.504657 0 0 0 0 0 0.212463 -2.1419e-06
0.002 -0.504728 0 0.50473 0 0 0 0 0 0.212462 -2.14706e-06
0.00205 -0.504811 0 0.504813 0 0 0 0 0 0.212461 -2.31726e-06
0.0021 -0.504888 0 0.504893 0 0 0 0 0 0.21246 -2.32276e-06
0.00215 -0.504954 0 0.504963 0 0 0 0 0 0.212458 -2.3284e-06
0.0022 -0.505025 0 0.505037 0 0 0 0 0 0.212457 -2.33421e-06
0.00225 -0.505091 0 0.505108 0 0 0 0 0 0.212455 -2.34013e-06
0.0023 -0.50516 0 0.505181 0 0 0 0 0 0.212454 -2.34621e-06
0.00235 -0.505226 0 0.505252 0 0 0 0 0 0.212452 -2.35239e-06
0.0024 -0.505293 0 0.505323 0 0 0 0 0 0.212451 -2.35872e-06
0.00245 -0.505359 0 0.505393 0 0 0 0 0 0.212449 -2.36515e-06
0.0025 -0.505426 0 0.505463 0 0 0 0 0 0.212448 -2.37173e-06
0.00255 -0.505504 0 0.505468 0 0 0 0 0 0.212446 -2.59841e-06
0.0026 -0.505587 0 0.505537 0 0 0 0 0 0.212445 -2.6052e-06
0.00265 -0.50565 0 0.505609 0 0 0 0 0 0.212443 -2.612e-06
0.0027 -0.505717 0 0.505675 0 0 0 0 0 0.212441 -2.61891e-06
0.00275 -0.505781 0 0.505744 0 0 0 0 0 0.212439 -2.62588e-06
0.0028 -0.505845 0 0.50581 0 0 0 0 0 0.212438 -2.63295e-06
0.00285 -0.505909 0 0.505878 0 0 0 0 0 0.212436 -2.6401e-06
0.0029 -0.505972 0 0.505943 0 0 0 0 0 0.212434 -2.64735e-06
0.00295 -0.506035 0 0.506011 0 0 0 0 0 0.212432 -2.65468e-06
0.003 -0.506098 0 0.506076 0 0 0 0 0 0.21243 -2.66211e-06
0.00305 -0.506154 0 0.50619 0 0 0 0 0 0.212429 -2.87565e-06
0.0031 -0.506219 0 0.506259 0 0 0 0 0 0.212427 -2.88326e-06
0.00315 -0.506284 0 0.506321 0 0 0 0 0 0.212425 -2.89097e-06
0.0032 -0.506345 0 0.506389 0 0 0 0 0 0.212423 -2.89881e-06
0.00325 -0.50641 0 0.506452 0 0 0 0 0 0.212421 -2.90673e-06
0.0033 -0.506471 0 0.506519 0 0 0 0 0 0.212419 -2.91476e-06
0.00335 -0.506536 0 0.506581 0 0 0 0 0 0.212417 -2.92288e-06
0.0034 -0.506598 0 0.506646 0 0 0 0 0 0.212415 -2.9311e-06
0.00345 -0.506663 0 0.506708 0 0 0 0 0 0.212413 -2.93941e-06
0.0035 -0.506724 0 0.506772 0 0 0 0 0 0.212411 -2.9478e-06
0.00355 -0.506805 0 0.50685 0 0 0 0 0 0.212409 -2.9707e-06
0.0036 -0.506868 0 0.506914 0 0 0 0 0 0.212407 -2.97928e-06
0.00365 -0.506926 0 0.506971 0 0 0 0 0 0.212405 -2.98784e-06
0.0037 -0.506987 0 0.507033 0 0 0 0 0 0.212402 -2.99643e-06
0.00375 -0.507048 0 0.50709 0 0 0 0 0 0.2124 -3.0051e-06
0.0038 -0.507108 0 0.507151 0 0 0 0 0 0.212398 -3.01384e-06
0.00385 -0.507169 0 0.507208 0 0 0 0 0 0.212396 -3.02265e-06
0.0039 -0.50723 0 0.507268 0 0 0 0 0 0.212393 -3.03154e-06
0.00395 -0.507292 0 0.507325 0 0 0 0 0 0.212391 -3.04052e-06
0.004 -0.507352 0 0.507384 0 0 0 0 0 0.212389 -3.04958e-06
0.00405 -0.507418 0 0.507414 0 0 0 0 0 0.212387 -3.13267e-06
0.0041 -0.507466 0 0.507485 0 0 0 0 0 0.212384 -3.14191e-06
0.00415 -0.507523 0 0.507543 0 0 0 0 0 0.212382 -3.15144e-06
0.0042 -0.507579 0 0.507606 0 0 0 0 0 0.212379 -3.16107e-06
0.00425 -0.507637 0 0.507664 0 0 0 0 0 0.212377 -3.17092e-06
0.0043 -0.507694 0 0.507724 0 0 0 0 0 0.212374 -3.18088e-06
0.00435 -0.507752 0 0.507782 0 0 0 0 0 0.212372 -3.19103e-06
0.0044 -0.50781 0 0.50784 0 0 0 0 0 0.212369 -3.20131e-06
0.00445 -0.507868 0 0.507898 0 0 0 0 0 0.212367 -3.21175e-06
0.0045 -0.507926 0 0.507955 0 0 0 0 0 0.212364 -3.22234e-06
0.00455 -0.508028 0 0.50801 0 0 0 0 0 0.212362 -3.13273e-06
0.0046 -0.508079 0 0.508071 0 0 0 0 0 0.212359 -3.14362e-06
0.00465 -0.508133 0 0.508127 0 0 0 0 0 0.212357 -3.15465e-06
0.0047 -0.508188 0 0.508185 0 0 0 0 0 0.212354 -3.16575e-06
0.00475 -0.508243 0 0.508242 0 0 0 0 0 0.212351 -3.17697e-06
0.0048 -0.508298 0 0.5083 0 0 0 0 0 0.212349 -3.18826e-06
0.00485 -0.508352 0 0.508357 0 0 0 0 0 0.212346 -3.19967e-06
0.0049 -0.508407 0 0.508414 0 0 0 0 0 0.212343 -3.21116e-06
0.00495 -0.508461 0 0.508472 0 0 0 0 0 0.21234 -3.22278e-06
0.005 -0.508516 0 0.508529 0 0 0 0 0 0.212338 -3.23449e-06
0.00505 -0.508589 0 0.508603 0 0 0 0 0 0.212335 -3.46078e-06
0.0051 -0.508648 0 0.50866 0 0 0 0 0 0.212332 -3.47278e-06
0.00515 -0.508702 0 0.508711 0 0 0 0 0 0.212329 -3.48495e-06
0.0052 -0.508757 0 0.508765 0 0 0 0 0 0.212326 -3.49725e-06
0.00525 -0.50881 0 0.508817 0 0 0 0 0 0.212323 -3.50971e-06
0.0053 -0.508865 0 0.50887 0 0 0 0 0 0.21232 -3.52231e-06
0.00535 -0.508918 0 0.508923 0 0 0 0 0 0.212317 -3.53506e-06
0.0054 -0.508972 0 0.508977 0 0 0 0 0 0.212314 -3.54797e-06
0.00545 -0.509025 0 0.50903 0 0 0 0 0 0.212311 -3.56104e-06
0.0055 -0.509078 0 0.509083 0 0 0 0 0 0.212308 -3.57426e-06
0.00555 -0.509188 0 0.509155 0 0 0 0 0 0.212306 -3.89571e-06
0.0056 -0.509235 0 0.509214 0 0 0 0 0 0.212302 -3.90927e-06
0.00565 -0.509288 0 0.509264 0 0 0 0 0 0.212299 -3.92302e-06
0.0057 -0.509339 0 0.509317 0 0 0 0 0 0.212296 -3.93697e-06
0.00575 -0.509392 0 0.509368 0 0 0 0 0 0.212293 -3.95109e-06
0.0058 -0.509443 0 0.509421 0 0 0 0 0 0.21229 -3.96538e-06
0.00585 -0.509496 0 0.509472 0 0 0 0 0 0.212287 -3.97985e-06
0.0059 -0.509547 0 0.509524 0 0 0 0 0 0.212284 -3.99449e-06
0.00595 -0.509599 0 0.509576 0 0 0 0 0 0.21228 -4.00931e-06
0.006 -0.509651 0 0.509628 0 0 0 0 0 0.212277 -4.02432e-06
0.00605 -0.509716 0 0.509697 0 0 0 0 0 0.212274 -4.24316e-06
0.0061 -0.509767 0 0.509747 0 0 0 0 0 0.212271 -4.25851e-06
0.00615 -0.509817 0 0.509797 0 0 0 0 0 0.212268 -4.274e-06
0.0062 -0.509868 0 0.509847 0 0 0 0 0 0.212264 -4.28965e-06
0.00625 -0.509918 0 0.509897 0 0 0 0 0 0.212261 -4.30544e-06
0.0063 -0.509969 0 0.509947 0 0 0 0 0 0.212258 -4.3214e-06
0.00635 -0.510019 0 0.509997 0 0 0 0 0 0.212254 -4.33753e-06
0.0064 -0.51007 0 0.510047 0 0 0 0 0 0.212251 -4.35383e-06
0.00645 -0.51012 0 0.510098 0 0 0 0 0 0.212247 -4.37031e-06
0.0065 -0.510171 0 0.510148 0 0 0 0 0 0.212244 -4.38697e-06
0.00655 -0.510237 0 0.510221 0 0 0 0 0 0.212241 -4.6499e-06
0.0066 -0.510289 0 0.51027 0 0 0 0 0 0.212237 -4.66695e-06
0.00665 -0.510339 0 0.51032 0 0 0 0 0 0.212234 -4.68418e-06
0.0067 -0.510389 0 0.510371 0 0 0 0 0 0.21223 -4.70159e-06
0.00675 -0.510439 0 0.51042 0 0 0 0 0 0.212227 -4.71919e-06
0.0068 -0.510489 0 0.510471 0 0 0 0 0 0.212223 -4.737e-06
0.00685 -0.510539 0 0.51052 0 0 0 0 0 0.21222 -4.755e-06
0.0069 -0.510589 0 0.51057 0 0 0 0 0 0.212216 -4.77321e-06
0.00695 -0.510639 0 0.51062 0 0 0 0 0 0.212212 -4.79163e-06
0.007 -0.510689 0 0.510669 0 0 0 0 0 0.212209 -4.81025e-06
0.00705 -0.510758 0 0.510716 0 0 0 0 0 0.212205 -5.00682e-06
0.0071 -0.510808 0 0.510759 0 0 0 0 0 0.212202 -5.02588e-06
0.00715 -0.510857 0 0.510808 0 0 0 0 0 0.212198 -5.04516e-06
0.0072 -0.510906 0 0.510855 0 0 0 0 0 0.212194 -5.06469e-06
0.00725 -0.510955 0 0.510904 0 0 0 0 0 0.21219 -5.08446e-06
0.0073 -0.511005 0 0.510952 0 0 0 0 0 0.212187 -5.10448e-06
0.00735 -0.511054 0 0.511001 0 0 0 0 0 0.212183 -5.12473e-06
0.0074 -0.511103 0 0.511049 0 0 0 0 0 0.212179 -5.14523e-06
0.00745 -0.511152 0 0.511098 0 0 0 0 0 0.212175 -5.16596e-06
0.0075 -0.511201 0 0.511146 0 0 0 0 0 0.212171 -5.18694e-06
0.00755 -0.511275 0 0.511211 0 0 0 0 0 0.212168 -5.43324e-06
0.0076 -0.511324 0 0.511257 0 0 0 0 0 0.212164 -5.45469e-06
0.00765 -0.511372 0 0.511306 0 0 0 0 0 0.21216 -5.47636e-06
0.0077 -0.511421 0 0.511354 0 0 0 0 0 0.212156 -5.49824e-06
0.00775 -0.511469 0 0.511403 0 0 0 0 0 0.212152 -5.52035e-06
0.0078 -0.511518 0 0.511451 0 0 0 0 0 0.212148 -5.54268e-06
0.00785 -0.511566 0 0.5115 0 0 0 0 0 0.212144 -5.56523e-06
0.0079 -0.511614 0 0.511548 0 0 0 0 0 0.21214 -5.588e-06
0.00795 -0.511662 0 0.511596 0 0 0 0 0 0.212136 -5.611e-06
0.008 -0.511711 0 0.511644 0 0 0 0 0 0.212132 -5.63422e-06
0.00805 -0.51176 0 0.511723 0 0 0 0 0 0.212128 -5.6443e-06
0.0081 -0.511803 0 0.511771 0 0 0 0 0 0.212124 -5.66796e-06
0.00815 -0.51185 0 0.511818 0 0 0 0 0 0.21212 -5.6919e-06
0.0082 -0.511896 0 0.511866 0 0 0 0 0 0.212116 -5.71607e-06
0.00825 -0.511943 0 0.511913 0 0 0 0 0 0.212112 -5.74048e-06
0.0083 -0.51199 0 0.511961 0 0 0 0 0 0.212108 -5.76512e-06
0.00835 -0.512037 0 0.512008 0 0 0 0 0 0.212104 -5.78999e-06
0.0084 -0.512084 0 0.512056 0 0 0 0 0 0.212099 -5.8151e-06
