# t, xL, yL, xR, yR, theta_L [deg], thetaS_L [deg], theta_R [deg], thetaS_R [deg], ycom, xcom
5e-05 -0.501031 0 0.501007 0 0 0 0 0 0.21249 -1.97288e-07
0.0001 -0.5016 0 0.501557 0 0 0 0 0 0.21249 -1.97288e-07
0.00015 -0.501803 0 0.501754 0 0 0 0 0 0.21249 -1.97384e-07
0.0002 -0.502065 0 0.502012 0 0 0 0 0 0.212489 -1.97463e-07
0.00025 -0.50222 0 0.502163 0 0 0 0 0 0.212489 -1.97608e-07
0.0003 -0.502413 0 0.502354 0 0 0 0 0 0.212489 -1.97776e-07
0.00035 -0.502548 0 0.502486 0 0 0 0 0 0.212488 -1.98028e-07
0.0004 -0.502711 0 0.502647 0 0 0 0 0 0.212488 -1.98334e-07
0.00045 -0.502834 0 0.502768 0 0 0 0 0 0.212487 -1.9873e-07
0.0005 -0.50298 0 0.502911 0 0 0 0 0 0.212487 -1.99197e-07
0.00055 -0.503113 0 0.503055 0 0 0 0 0 0.212487 -1.2779e-06
0.0006 -0.503241 0 0.503189 0 0 0 0 0 0.212486 -1.27859e-06
0.00065 -0.503345 0 0.503298 0 0 0 0 0 0.212485 -1.2793e-06
0.0007 -0.503466 0 0.50342 0 0 0 0 0 0.212485 -1.28006e-06
0.00075 -0.503567 0 0.503524 0 0 0 0 0 0.212484 -1.28095e-06
0.0008 -0.503681 0 0.503639 0 0 0 0 0 0.212483 -1.28193e-06
0.00085 -0.50378 0 0.503739 0 0 0 0 0 0.212482 -1.28305e-06
0.0009 -0.503889 0 0.503849 0 0 0 0 0 0.212482 -1.28426e-06
0.00095 -0.503985 0 0.503946 0 0 0 0 0 0.212481 -1.28561e-06
0.001 -0.504091 0 0.504051 0 0 0 0 0 0.21248 -1.28706e-06
0.00105 -0.50418 0 0.504221 0 0 0 0 0 0.212479 -1.90624e-06
0.0011 -0.504279 0 0.504327 0 0 0 0 0 0.212478 -1.90794e-06
0.00115 -0.50437 0 0.504419 0 0 0 0 0 0.212477 -1.90989e-06
0.0012 -0.504466 0 0.50452 0 0 0 0 0 0.212476 -1.91202e-06
0.00125 -0.504556 0 0.504609 0 0 0 0 0 0.212475 -1.91433e-06
0.0013 -0.504649 0 0.504706 0 0 0 0 0 0.212473 -1.91683e-06
0.00135 -0.504737 0 0.504794 0 0 0 0 0 0.212472 -1.91951e-06
0.0014 -0.504828 0 0.504888 0 0 0 0 0 0.212471 -1.92238e-06
0.00145 -0.504914 0 0.504973 0 0 0 0 0 0.21247 -1.92543e-06
0.0015 -0.505004 0 0.505065 0 0 0 0 0 0.212468 -1.92866e-06
0.00155 -0.50514 0 0.505165 0 0 0 0 0 0.212467 -2.09938e-06
0.0016 -0.505234 0 0.505259 0 0 0 0 0 0.212466 -2.10302e-06
0.00165 -0.505317 0 0.505339 0 0 0 0 0 0.212464 -2.10676e-06
0.0017 -0.505403 0 0.505427 0 0 0 0 0 0.212463 -2.11061e-06
0.00175 -0.505484 0 0.505506 0 0 0 0 0 0.212461 -2.11457e-06
0.0018 -0.505567 0 0.505592 0 0 0 0 0 0.21246 -2.11865e-06
0.00185 -0.505647 0 0.50567 0 0 0 0 0 0.212458 -2.12285e-06
0.0019 -0.505729 0 0.505754 0 0 0 0 0 0.212457 -2.12717e-06
0.00195 -0.505808 0 0.505832 0 0 0 0 0 0.212455 -2.13162e-06
0.002 -0.505888 0 0.505914 0 0 0 0 0 0.212454 -2.13618e-06
0.00205 -0.506022 0 0.506022 0 0 0 0 0 0.212452 -1.944e-06
0.0021 -0.506101 0 0.506108 0 0 0 0 0 0.21245 -1.94877e-06
0.00215 -0.506177 0 0.506187 0 0 0 0 0 0.212449 -1.95358e-06
0.0022 -0.506256 0 0.506268 0 0 0 0 0 0.212447 -1.95844e-06
0.00225 -0.506331 0 0.506345 0 0 0 0 0 0.212445 -1.96338e-06
0.0023 -0.506408 0 0.506425 0 0 0 0 0 0.212443 -1.96838e-06
0.00235 -0.506483 0 0.506501 0 0 0 0 0 0.212441 -1.97346e-06
0.0024 -0.506559 0 0.506579 0 0 0 0 0 0.212439 -1.97862e-06
0.00245 -0.506634 0 0.506654 0 0 0 0 0 0.212438 -1.98384e-06
0.0025 -0.506709 0 0.506731 0 0 0 0 0 0.212436 -1.98914e-06
0.00255 -0.506754 0 0.506814 0 0 0 0 0 0.212434 -1.63618e-06
0.0026 -0.506828 0 0.506889 0 0 0 0 0 0.212432 -1.64162e-06
0.00265 -0.506901 0 0.506959 0 0 0 0 0 0.21243 -1.64705e-06
0.0027 -0.506975 0 0.507032 0 0 0 0 0 0.212428 -1.6525e-06
0.00275 -0.507049 0 0.507102 0 0 0 0 0 0.212426 -1.65802e-06
0.0028 -0.507122 0 0.507174 0 0 0 0 0 0.212423 -1.66357e-06
0.00285 -0.507196 0 0.507243 0 0 0 0 0 0.212421 -1.6692e-06
0.0029 -0.507268 0 0.507315 0 0 0 0 0 0.212419 -1.67486e-06
0.00295 -0.507342 0 0.507384 0 0 0 0 0 0.212417 -1.68059e-06
0.003 -0.507415 0 0.507455 0 0 0 0 0 0.212415 -1.68637e-06
0.00305 -0.507498 0 0.50751 0 0 0 0 0 0.212413 -2.07516e-06
0.0031 -0.507557 0 0.507587 0 0 0 0 0 0.21241 -2.08105e-06
0.00315 -0.507633 0 0.507659 0 0 0 0 0 0.212408 -2.08704e-06
0.0032 -0.507699 0 0.507731 0 0 0 0 0 0.212406 -2.09308e-06
0.00325 -0.507772 0 0.507801 0 0 0 0 0 0.212403 -2.09917e-06
0.0033 -0.50784 0 0.507872 0 0 0 0 0 0.212401 -2.10528e-06
0.00335 -0.507912 0 0.507941 0 0 0 0 0 0.212398 -2.11144e-06
0.0034 -0.507979 0 0.508011 0 0 0 0 0 0.212396 -2.11762e-06
0.00345 -0.50805 0 0.508079 0 0 0 0 0 0.212393 -2.12384e-06
0.0035 -0.508117 0 0.508148 0 0 0 0 0 0.212391 -2.13009e-06
0.00355 -0.508228 0 0.508226 0 0 0 0 0 0.212388 -2.05797e-06
0.0036 -0.508289 0 0.508295 0 0 0 0 0 0.212386 -2.0643e-06
0.00365 -0.508357 0 0.508363 0 0 0 0 0 0.212383 -2.07069e-06
0.0037 -0.50842 0 0.508433 0 0 0 0 0 0.21238 -2.07709e-06
0.00375 -0.508487 0 0.508501 0 0 0 0 0 0.212378 -2.08347e-06
0.0038 -0.508551 0 0.50857 0 0 0 0 0 0.212375 -2.08984e-06
0.00385 -0.508617 0 0.508638 0 0 0 0 0 0.212372 -2.09621e-06
0.0039 -0.508681 0 0.508707 0 0 0 0 0 0.212369 -2.10257e-06
0.00395 -0.508746 0 0.508775 0 0 0 0 0 0.212367 -2.10894e-06
0.004 -0.50881 0 0.508844 0 0 0 0 0 0.212364 -2.11531e-06
0.00405 -0.508883 0 0.508915 0 0 0 0 0 0.212361 -2.28564e-06
0.0041 -0.508938 0 0.50898 0 0 0 0 0 0.212358 -2.29202e-06
0.00415 -0.509002 0 0.509044 0 0 0 0 0 0.212355 -2.29858e-06
0.0042 -0.509064 0 0.50911 0 0 0 0 0 0.212352 -2.30523e-06
0.00425 -0.509128 0 0.509175 0 0 0 0 0 0.212349 -2.31194e-06
0.0043 -0.509191 0 0.509241 0 0 0 0 0 0.212346 -2.31872e-06
0.00435 -0.509254 0 0.509306 0 0 0 0 0 0.212343 -2.32558e-06
0.0044 -0.509317 0 0.509372 0 0 0 0 0 0.21234 -2.33252e-06
0.00445 -0.509381 0 0.509438 0 0 0 0 0 0.212337 -2.33956e-06
0.0045 -0.509443 0 0.509504 0 0 0 0 0 0.212334 -2.3467e-06
0.00455 -0.509546 0 0.509581 0 0 0 0 0 0.212331 -2.39882e-06
0.0046 -0.509606 0 0.509641 0 0 0 0 0 0.212328 -2.40618e-06
0.00465 -0.509668 0 0.509701 0 0 0 0 0 0.212325 -2.41372e-06
0.0047 -0.509731 0 0.509763 0 0 0 0 0 0.212322 -2.42139e-06
0.00475 -0.509792 0 0.509824 0 0 0 0 0 0.212318 -2.42914e-06
0.0048 -0.509856 0 0.509887 0 0 0 0 0 0.212315 -2.43698e-06
0.00485 -0.509917 0 0.509948 0 0 0 0 0 0.212312 -2.44491e-06
0.0049 -0.50998 0 0.510011 0 0 0 0 0 0.212308 -2.45295e-06
0.00495 -0.510042 0 0.510073 0 0 0 0 0 0.212305 -2.46108e-06
0.005 -0.510105 0 0.510136 0 0 0 0 0 0.212302 -2.46933e-06
0.00505 -0.510185 0 0.510221 0 0 0 0 0 0.212299 -2.77723e-06
0.0051 -0.510246 0 0.510277 0 0 0 0 0 0.212295 -2.78574e-06
0.00515 -0.510307 0 0.510334 0 0 0 0 0 0.212292 -2.79441e-06
0.0052 -0.51037 0 0.510394 0 0 0 0 0 0.212288 -2.80324e-06
0.00525 -0.51043 0 0.510453 0 0 0 0 0 0.212285 -2.81217e-06
0.0053 -0.510493 0 0.510513 0 0 0 0 0 0.212281 -2.82124e-06
0.00535 -0.510554 0 0.510572 0 0 0 0 0 0.212278 -2.83043e-06
0.0054 -0.510616 0 0.510632 0 0 0 0 0 0.212274 -2.83976e-06
0.00545 -0.510677 0 0.510692 0 0 0 0 0 0.212271 -2.84923e-06
0.0055 -0.51074 0 0.510752 0 0 0 0 0 0.212267 -2.85885e-06
0.00555 -0.510835 0 0.510827 0 0 0 0 0 0.212263 -3.14322e-06
0.0056 -0.510898 0 0.510886 0 0 0 0 0 0.21226 -3.15319e-06
0.00565 -0.510959 0 0.510943 0 0 0 0 0 0.212256 -3.16333e-06
0.0057 -0.51102 0 0.511002 0 0 0 0 0 0.212252 -3.17366e-06
0.00575 -0.511081 0 0.51106 0 0 0 0 0 0.212249 -3.18405e-06
0.0058 -0.511141 0 0.51112 0 0 0 0 0 0.212245 -3.19459e-06
0.00585 -0.511201 0 0.511178 0 0 0 0 0 0.212241 -3.20523e-06
0.0059 -0.511261 0 0.511238 0 0 0 0 0 0.212237 -3.21601e-06
0.00595 -0.511321 0 0.511297 0 0 0 0 0 0.212233 -3.22691e-06
0.006 -0.51138 0 0.511356 0 0 0 0 0 0.21223 -3.23796e-06
0.00605 -0.511439 0 0.511436 0 0 0 0 0 0.212226 -3.26718e-06
0.0061 -0.511499 0 0.511492 0 0 0 0 0 0.212222 -3.27849e-06
0.00615 -0.511562 0 0.511548 0 0 0 0 0 0.212218 -3.28986e-06
0.0062 -0.51162 0 0.511604 0 0 0 0 0 0.212214 -3.30134e-06
0.00625 -0.51168 0 0.511661 0 0 0 0 0 0.21221 -3.31289e-06
0.0063 -0.511738 0 0.511716 0 0 0 0 0 0.212206 -3.32455e-06
0.00635 -0.511797 0 0.511773 0 0 0 0 0 0.212202 -3.3363e-06
0.0064 -0.511854 0 0.511829 0 0 0 0 0 0.212198 -3.34817e-06
0.00645 -0.511912 0 0.511886 0 0 0 0 0 0.212194 -3.36016e-06
0.0065 -0.51197 0 0.511941 0 0 0 0 0 0.21219 -3.37227e-06
0.00655 -0.512017 0 0.511992 0 0 0 0 0 0.212186 -3.42919e-06
0.0066 -0.512068 0 0.512048 0 0 0 0 0 0.212182 -3.44161e-06
0.00665 -0.512125 0 0.512105 0 0 0 0 0 0.212177 -3.45409e-06
0.0067 -0.512178 0 0.51216 0 0 0 0 0 0.212173 -3.46666e-06
0.00675 -0.512235 0 0.512217 0 0 0 0 0 0.212169 -3.47931e-06
0.0068 -0.512289 0 0.512272 0 0 0 0 0 0.212165 -3.49205e-06
0.00685 -0.512345 0 0.512329 0 0 0 0 0 0.212161 -3.50491e-06
0.0069 -0.512399 0 0.512385 0 0 0 0 0 0.212156 -3.51787e-06
0.00695 -0.512456 0 0.512442 0 0 0 0 0 0.212152 -3.53096e-06
0.007 -0.51251 0 0.512498 0 0 0 0 0 0.212148 -3.54416e-06
0.00705 -0.512562 0 0.512645 0 0 0 0 0 0.212143 -3.51809e-06
0.0071 -0.51262 0 0.512699 0 0 0 0 0 0.212139 -3.53166e-06
0.00715 -0.512676 0 0.512752 0 0 0 0 0 0.212135 -3.54533e-06
0.0072 -0.512732 0 0.512807 0 0 0 0 0 0.21213 -3.55912e-06
0.00725 -0.512788 0 0.51286 0 0 0 0 0 0.212126 -3.57308e-06
0.0073 -0.512843 0 0.512914 0 0 0 0 0 0.212121 -3.58719e-06
0.00735 -0.5129 0 0.512968 0 0 0 0 0 0.212117 -3.60147e-06
0.0074 -0.512955 0 0.513022 0 0 0 0 0 0.212112 -3.61592e-06
0.00745 -0.513013 0 0.513075 0 0 0 0 0 0.212108 -3.63054e-06
0.0075 -0.513068 0 0.513129 0 0 0 0 0 0.212103 -3.64533e-06
0.00755 -0.513133 0 0.513179 0 0 0 0 0 0.212099 -3.33582e-06
0.0076 -0.513186 0 0.513233 0 0 0 0 0 0.212094 -3.35098e-06
0.00765 -0.513242 0 0.513285 0 0 0 0 0 0.21209 -3.36621e-06
0.0077 -0.513297 0 0.513338 0 0 0 0 0 0.212085 -3.38154e-06
0.00775 -0.513353 0 0.513391 0 0 0 0 0 0.21208 -3.39704e-06
0.0078 -0.513407 0 0.513444 0 0 0 0 0 0.212076 -3.41267e-06
0.00785 -0.513464 0 0.513497 0 0 0 0 0 0.212071 -3.42847e-06
0.0079 -0.513518 0 0.51355 0 0 0 0 0 0.212066 -3.44442e-06
0.00795 -0.513574 0 0.513603 0 0 0 0 0 0.212062 -3.46055e-06
0.008 -0.513629 0 0.513656 0 0 0 0 0 0.212057 -3.47682e-06
0.00805 -0.513686 0 0.513719 0 0 0 0 0 0.212052 -3.56427e-06
0.0081 -0.51374 0 0.513765 0 0 0 0 0 0.212047 -3.58091e-06
0.00815 -0.513798 0 0.513825 0 0 0 0 0 0.212043 -3.59769e-06
0.0082 -0.513853 0 0.513876 0 0 0 0 0 0.212038 -3.6146e-06
0.00825 -0.513909 0 0.513934 0 0 0 0 0 0.212033 -3.63173e-06
0.0083 -0.513964 0 0.513986 0 0 0 0 0 0.212028 -3.64902e-06
0.00835 -0.514021 0 0.514043 0 0 0 0 0 0.212023 -3.66652e-06
0.0084 -0.514076 0 0.514095 0 0 0 0 0 0.212018 -3.6842e-06
0.00845 -0.514132 0 0.514151 0 0 0 0 0 0.212013 -3.70207e-06
0.0085 -0.514188 0 0.514204 0 0 0 0 0 0.212008 -3.72012e-06
0.00855 -0.514235 0 0.51427 0 0 0 0 0 0.212003 -3.17939e-06
0.0086 -0.51428 0 0.514326 0 0 0 0 0 0.211998 -3.19783e-06
0.00865 -0.514337 0 0.514382 0 0 0 0 0 0.211993 -3.21644e-06
0.0087 -0.514387 0 0.514435 0 0 0 0 0 0.211988 -3.23522e-06
0.00875 -0.514442 0 0.51449 0 0 0 0 0 0.211983 -3.25418e-06
0.0088 -0.514493 0 0.514543 0 0 0 0 0 0.211978 -3.27331e-06
0.00885 -0.514548 0 0.514597 0 0 0 0 0 0.211973 -3.29264e-06
0.0089 -0.514599 0 0.514649 0 0 0 0 0 0.211968 -3.31213e-06
0.00895 -0.514653 0 0.514703 0 0 0 0 0 0.211963 -3.33183e-06
0.009 -0.514704 0 0.514755 0 0 0 0 0 0.211958 -3.35171e-06
0.00905 -0.514805 0 0.514809 0 0 0 0 0 0.211952 -3.28934e-06
0.0091 -0.514857 0 0.514859 0 0 0 0 0 0.211947 -3.30965e-06
0.00915 -0.514907 0 0.514913 0 0 0 0 0 0.211942 -3.33015e-06
0.0092 -0.514959 0 0.514965 0 0 0 0 0 0.211937 -3.35084e-06
0.00925 -0.51501 0 0.515019 0 0 0 0 0 0.211932 -3.37167e-06
0.0093 -0.515061 0 0.515072 0 0 0 0 0 0.211926 -3.39267e-06
0.00935 -0.515112 0 0.515126 0 0 0 0 0 0.211921 -3.41383e-06
0.0094 -0.515163 0 0.515178 0 0 0 0 0 0.211916 -3.43516e-06
0.00945 -0.515215 0 0.515232 0 0 0 0 0 0.21191 -3.45666e-06
0.0095 -0.515266 0 0.515285 0 0 0 0 0 0.211905 -3.47833e-06
0.00955 -0.51533 0 0.515351 0 0 0 0 0 0.211899 -3.28543e-06
0.0096 -0.515381 0 0.515399 0 0 0 0 0 0.211894 -3.30747e-06
0.00965 -0.515434 0 0.515449 0 0 0 0 0 0.211889 -3.32969e-06
0.0097 -0.515486 0 0.5155 0 0 0 0 0 0.211883 -3.35205e-06
0.00975 -0.515539 0 0.515551 0 0 0 0 0 0.211878 -3.37451e-06
