# t, xL, yL, xR, yR, theta_L [deg], thetaS_L [deg], theta_R [deg], thetaS_R [deg], ycom, xcom
5e-05 -0.50086 0 0.500844 0 0 0 0 0 0.21249 -1.97288e-07
0.0001 -0.501339 0 0.501302 0 0 0 0 0 0.21249 -1.97288e-07
0.00015 -0.501509 0 0.501466 0 0 0 0 0 0.21249 -1.97414e-07
0.0002 -0.501738 0 0.50169 0 0 0 0 0 0.21249 -1.97473e-07
0.00025 -0.501874 0 0.501824 0 0 0 0 0 0.212489 -1.97576e-07
0.0003 -0.502048 0 0.501994 0 0 0 0 0 0.212489 -1.97674e-07
0.00035 -0.50217 0 0.502114 0 0 0 0 0 0.212489 -1.97829e-07
0.0004 -0.502319 0 0.50226 0 0 0 0 0 0.212488 -1.98027e-07
0.00045 -0.502433 0 0.502372 0 0 0 0 0 0.212488 -1.98295e-07
0.0005 -0.502567 0 0.502504 0 0 0 0 0 0.212487 -1.98631e-07
0.00055 -0.502684 0 0.502654 0 0 0 0 0 0.212487 -1.74173e-06
0.0006 -0.502813 0 0.502781 0 0 0 0 0 0.212487 -1.74223e-06
0.00065 -0.502908 0 0.502883 0 0 0 0 0 0.212486 -1.74284e-06
0.0007 -0.503023 0 0.503002 0 0 0 0 0 0.212485 -1.74361e-06
0.00075 -0.503118 0 0.503102 0 0 0 0 0 0.212485 -1.74457e-06
0.0008 -0.503226 0 0.503215 0 0 0 0 0 0.212484 -1.74573e-06
0.00085 -0.50332 0 0.503313 0 0 0 0 0 0.212483 -1.74709e-06
0.0009 -0.503424 0 0.503421 0 0 0 0 0 0.212483 -1.74864e-06
0.00095 -0.503517 0 0.503517 0 0 0 0 0 0.212482 -1.75036e-06
0.001 -0.503617 0 0.503621 0 0 0 0 0 0.212481 -1.75228e-06
0.00105 -0.50374 0 0.503677 0 0 0 0 0 0.21248 -2.5862e-06
0.0011 -0.503844 0 0.503775 0 0 0 0 0 0.21248 -2.58846e-06
0.00115 -0.50393 0 0.503865 0 0 0 0 0 0.212479 -2.59096e-06
0.0012 -0.504028 0 0.503959 0 0 0 0 0 0.212478 -2.59372e-06
0.00125 -0.504115 0 0.504047 0 0 0 0 0 0.212477 -2.59669e-06
0.0013 -0.50421 0 0.504137 0 0 0 0 0 0.212476 -2.59991e-06
0.00135 -0.504298 0 0.504223 0 0 0 0 0 0.212474 -2.60334e-06
0.0014 -0.504389 0 0.504311 0 0 0 0 0 0.212473 -2.60699e-06
0.00145 -0.504475 0 0.504396 0 0 0 0 0 0.212472 -2.61085e-06
0.0015 -0.504563 0 0.504482 0 0 0 0 0 0.212471 -2.61494e-06
0.00155 -0.504665 0 0.504623 0 0 0 0 0 0.21247 -2.51767e-06
0.0016 -0.504762 0 0.504726 0 0 0 0 0 0.212469 -2.52215e-06
0.00165 -0.504838 0 0.504812 0 0 0 0 0 0.212467 -2.52697e-06
0.0017 -0.504926 0 0.504899 0 0 0 0 0 0.212466 -2.53208e-06
0.00175 -0.505002 0 0.504982 0 0 0 0 0 0.212465 -2.53741e-06
0.0018 -0.505086 0 0.505067 0 0 0 0 0 0.212463 -2.54297e-06
0.00185 -0.505163 0 0.505148 0 0 0 0 0 0.212462 -2.54871e-06
0.0019 -0.505244 0 0.50523 0 0 0 0 0 0.212461 -2.55466e-06
0.00195 -0.505321 0 0.505308 0 0 0 0 0 0.212459 -2.56079e-06
0.002 -0.5054 0 0.505389 0 0 0 0 0 0.212458 -2.56711e-06
0.00205 -0.505477 0 0.505469 0 0 0 0 0 0.212456 -2.31403e-06
0.0021 -0.505559 0 0.505553 0 0 0 0 0 0.212455 -2.32072e-06
0.00215 -0.505633 0 0.505629 0 0 0 0 0 0.212453 -2.32755e-06
0.0022 -0.505709 0 0.505707 0 0 0 0 0 0.212452 -2.33453e-06
0.00225 -0.505782 0 0.505782 0 0 0 0 0 0.21245 -2.3416e-06
0.0023 -0.505856 0 0.505858 0 0 0 0 0 0.212448 -2.3488e-06
0.00235 -0.505928 0 0.505932 0 0 0 0 0 0.212447 -2.3561e-06
0.0024 -0.506001 0 0.506006 0 0 0 0 0 0.212445 -2.36351e-06
0.00245 -0.506072 0 0.506079 0 0 0 0 0 0.212443 -2.37102e-06
0.0025 -0.506144 0 0.506153 0 0 0 0 0 0.212441 -2.37865e-06
0.00255 -0.506249 0 0.50624 0 0 0 0 0 0.21244 -2.49449e-06
0.0026 -0.506313 0 0.506314 0 0 0 0 0 0.212438 -2.50238e-06
0.00265 -0.506383 0 0.50638 0 0 0 0 0 0.212436 -2.51035e-06
0.0027 -0.506453 0 0.506451 0 0 0 0 0 0.212434 -2.51846e-06
0.00275 -0.506522 0 0.506518 0 0 0 0 0 0.212432 -2.52673e-06
0.0028 -0.506592 0 0.506588 0 0 0 0 0 0.21243 -2.53513e-06
0.00285 -0.506661 0 0.506654 0 0 0 0 0 0.212428 -2.54369e-06
0.0029 -0.506731 0 0.506723 0 0 0 0 0 0.212426 -2.55238e-06
0.00295 -0.506799 0 0.50679 0 0 0 0 0 0.212424 -2.56121e-06
0.003 -0.506867 0 0.506858 0 0 0 0 0 0.212422 -2.57017e-06
0.00305 -0.506913 0 0.506902 0 0 0 0 0 0.21242 -3.03942e-06
0.0031 -0.506973 0 0.506976 0 0 0 0 0 0.212418 -3.04868e-06
0.00315 -0.507043 0 0.507045 0 0 0 0 0 0.212416 -3.05805e-06
0.0032 -0.507106 0 0.507115 0 0 0 0 0 0.212414 -3.06753e-06
0.00325 -0.507173 0 0.507182 0 0 0 0 0 0.212411 -3.07712e-06
0.0033 -0.507237 0 0.50725 0 0 0 0 0 0.212409 -3.08681e-06
0.00335 -0.507304 0 0.507317 0 0 0 0 0 0.212407 -3.0966e-06
0.0034 -0.507368 0 0.507384 0 0 0 0 0 0.212404 -3.10649e-06
0.00345 -0.507433 0 0.50745 0 0 0 0 0 0.212402 -3.11647e-06
0.0035 -0.507497 0 0.507516 0 0 0 0 0 0.2124 -3.12654e-06
0.00355 -0.507589 0 0.507584 0 0 0 0 0 0.212398 -3.25643e-06
0.0036 -0.50765 0 0.507651 0 0 0 0 0 0.212395 -3.26668e-06
0.00365 -0.507714 0 0.507716 0 0 0 0 0 0.212393 -3.27704e-06
0.0037 -0.507777 0 0.507783 0 0 0 0 0 0.21239 -3.28744e-06
0.00375 -0.507841 0 0.507848 0 0 0 0 0 0.212388 -3.29795e-06
0.0038 -0.507904 0 0.507914 0 0 0 0 0 0.212385 -3.30852e-06
0.00385 -0.507967 0 0.507979 0 0 0 0 0 0.212383 -3.31918e-06
0.0039 -0.50803 0 0.508044 0 0 0 0 0 0.21238 -3.32992e-06
0.00395 -0.508093 0 0.50811 0 0 0 0 0 0.212378 -3.34075e-06
0.004 -0.508155 0 0.508175 0 0 0 0 0 0.212375 -3.35166e-06
0.00405 -0.508245 0 0.508246 0 0 0 0 0 0.212373 -3.67517e-06
0.0041 -0.508301 0 0.508312 0 0 0 0 0 0.21237 -3.68625e-06
0.00415 -0.508362 0 0.508373 0 0 0 0 0 0.212367 -3.69761e-06
0.0042 -0.508424 0 0.508437 0 0 0 0 0 0.212365 -3.70914e-06
0.00425 -0.508486 0 0.508499 0 0 0 0 0 0.212362 -3.72085e-06
0.0043 -0.508547 0 0.508563 0 0 0 0 0 0.212359 -3.73272e-06
0.00435 -0.50861 0 0.508625 0 0 0 0 0 0.212356 -3.74476e-06
0.0044 -0.50867 0 0.508688 0 0 0 0 0 0.212353 -3.75697e-06
0.00445 -0.508733 0 0.508751 0 0 0 0 0 0.212351 -3.76936e-06
0.0045 -0.508793 0 0.508814 0 0 0 0 0 0.212348 -3.78193e-06
0.00455 -0.508861 0 0.508883 0 0 0 0 0 0.212345 -3.64131e-06
0.0046 -0.508926 0 0.508944 0 0 0 0 0 0.212342 -3.65426e-06
0.00465 -0.508986 0 0.509001 0 0 0 0 0 0.212339 -3.66733e-06
0.0047 -0.509048 0 0.509062 0 0 0 0 0 0.212336 -3.68053e-06
0.00475 -0.509109 0 0.509121 0 0 0 0 0 0.212333 -3.69378e-06
0.0048 -0.50917 0 0.509182 0 0 0 0 0 0.21233 -3.70713e-06
0.00485 -0.50923 0 0.509241 0 0 0 0 0 0.212327 -3.72055e-06
0.0049 -0.50929 0 0.509302 0 0 0 0 0 0.212324 -3.73407e-06
0.00495 -0.509351 0 0.509361 0 0 0 0 0 0.212321 -3.74767e-06
0.005 -0.50941 0 0.509422 0 0 0 0 0 0.212318 -3.76139e-06
0.00505 -0.509453 0 0.509493 0 0 0 0 0 0.212315 -3.84465e-06
0.0051 -0.509519 0 0.509551 0 0 0 0 0 0.212312 -3.85863e-06
0.00515 -0.509579 0 0.509606 0 0 0 0 0 0.212309 -3.87272e-06
0.0052 -0.509641 0 0.509664 0 0 0 0 0 0.212305 -3.88697e-06
0.00525 -0.509701 0 0.509721 0 0 0 0 0 0.212302 -3.90131e-06
0.0053 -0.509763 0 0.509779 0 0 0 0 0 0.212299 -3.9158e-06
0.00535 -0.509823 0 0.509836 0 0 0 0 0 0.212296 -3.9304e-06
0.0054 -0.509884 0 0.509894 0 0 0 0 0 0.212292 -3.94516e-06
0.00545 -0.509944 0 0.509952 0 0 0 0 0 0.212289 -3.96005e-06
0.0055 -0.510004 0 0.51001 0 0 0 0 0 0.212286 -3.97509e-06
0.00555 -0.51008 0 0.510072 0 0 0 0 0 0.212283 -4.33393e-06
0.0056 -0.510138 0 0.510121 0 0 0 0 0 0.212279 -4.34933e-06
0.00565 -0.510195 0 0.510179 0 0 0 0 0 0.212276 -4.36478e-06
0.0057 -0.510253 0 0.510231 0 0 0 0 0 0.212272 -4.38034e-06
0.00575 -0.51031 0 0.510288 0 0 0 0 0 0.212269 -4.39597e-06
0.0058 -0.510367 0 0.510341 0 0 0 0 0 0.212265 -4.41171e-06
0.00585 -0.510425 0 0.510397 0 0 0 0 0 0.212262 -4.42754e-06
0.0059 -0.510481 0 0.510451 0 0 0 0 0 0.212258 -4.4435e-06
0.00595 -0.510538 0 0.510507 0 0 0 0 0 0.212255 -4.45958e-06
0.006 -0.510594 0 0.510561 0 0 0 0 0 0.212251 -4.47579e-06
0.00605 -0.51067 0 0.51064 0 0 0 0 0 0.212248 -4.86482e-06
0.0061 -0.510726 0 0.510692 0 0 0 0 0 0.212244 -4.8814e-06
0.00615 -0.510778 0 0.510746 0 0 0 0 0 0.21224 -4.89803e-06
0.0062 -0.510834 0 0.510801 0 0 0 0 0 0.212237 -4.91482e-06
0.00625 -0.510887 0 0.510855 0 0 0 0 0 0.212233 -4.93166e-06
0.0063 -0.510943 0 0.510909 0 0 0 0 0 0.212229 -4.94862e-06
0.00635 -0.510996 0 0.510964 0 0 0 0 0 0.212226 -4.96567e-06
0.0064 -0.511052 0 0.511018 0 0 0 0 0 0.212222 -4.98285e-06
0.00645 -0.511106 0 0.511072 0 0 0 0 0 0.212218 -5.00013e-06
0.0065 -0.511161 0 0.511126 0 0 0 0 0 0.212214 -5.01755e-06
0.00655 -0.511229 0 0.511186 0 0 0 0 0 0.21221 -4.85919e-06
0.0066 -0.511285 0 0.51124 0 0 0 0 0 0.212207 -4.87691e-06
0.00665 -0.511338 0 0.511297 0 0 0 0 0 0.212203 -4.89474e-06
0.0067 -0.511394 0 0.511352 0 0 0 0 0 0.212199 -4.91268e-06
0.00675 -0.511447 0 0.511409 0 0 0 0 0 0.212195 -4.93072e-06
0.0068 -0.511502 0 0.511464 0 0 0 0 0 0.212191 -4.94888e-06
0.00685 -0.511556 0 0.51152 0 0 0 0 0 0.212187 -4.96717e-06
0.0069 -0.51161 0 0.511575 0 0 0 0 0 0.212183 -4.9856e-06
0.00695 -0.511664 0 0.511631 0 0 0 0 0 0.212179 -5.00417e-06
0.007 -0.511719 0 0.511686 0 0 0 0 0 0.212175 -5.02288e-06
0.00705 -0.51174 0 0.511764 0 0 0 0 0 0.212171 -4.92714e-06
0.0071 -0.511796 0 0.511825 0 0 0 0 0 0.212167 -4.94622e-06
0.00715 -0.511852 0 0.51188 0 0 0 0 0 0.212163 -4.96533e-06
0.0072 -0.511904 0 0.511936 0 0 0 0 0 0.212159 -4.98449e-06
0.00725 -0.51196 0 0.511991 0 0 0 0 0 0.212155 -5.00374e-06
0.0073 -0.512011 0 0.512045 0 0 0 0 0 0.21215 -5.02308e-06
0.00735 -0.512066 0 0.512099 0 0 0 0 0 0.212146 -5.04254e-06
0.0074 -0.512117 0 0.512153 0 0 0 0 0 0.212142 -5.06211e-06
0.00745 -0.512172 0 0.512207 0 0 0 0 0 0.212138 -5.08183e-06
0.0075 -0.512223 0 0.51226 0 0 0 0 0 0.212134 -5.10168e-06
0.00755 -0.51234 0 0.512354 0 0 0 0 0 0.212129 -5.27823e-06
0.0076 -0.512393 0 0.512407 0 0 0 0 0 0.212125 -5.29845e-06
0.00765 -0.512444 0 0.512456 0 0 0 0 0 0.212121 -5.31878e-06
0.0077 -0.512497 0 0.512508 0 0 0 0 0 0.212117 -5.33919e-06
0.00775 -0.512549 0 0.512557 0 0 0 0 0 0.212112 -5.35972e-06
0.0078 -0.512603 0 0.512609 0 0 0 0 0 0.212108 -5.38035e-06
0.00785 -0.512655 0 0.512659 0 0 0 0 0 0.212103 -5.40112e-06
0.0079 -0.512708 0 0.51271 0 0 0 0 0 0.212099 -5.42201e-06
0.00795 -0.512761 0 0.51276 0 0 0 0 0 0.212095 -5.44304e-06
0.008 -0.512815 0 0.512811 0 0 0 0 0 0.21209 -5.46421e-06
0.00805 -0.51288 0 0.512881 0 0 0 0 0 0.212086 -5.23167e-06
0.0081 -0.512937 0 0.512933 0 0 0 0 0 0.212081 -5.25319e-06
0.00815 -0.512989 0 0.512982 0 0 0 0 0 0.212077 -5.27478e-06
0.0082 -0.513042 0 0.513034 0 0 0 0 0 0.212072 -5.29639e-06
0.00825 -0.513095 0 0.513084 0 0 0 0 0 0.212068 -5.31815e-06
0.0083 -0.513148 0 0.513135 0 0 0 0 0 0.212063 -5.34e-06
0.00835 -0.513201 0 0.513185 0 0 0 0 0 0.212059 -5.36201e-06
0.0084 -0.513254 0 0.513237 0 0 0 0 0 0.212054 -5.38414e-06
0.00845 -0.513306 0 0.513287 0 0 0 0 0 0.212049 -5.40644e-06
0.0085 -0.513359 0 0.513338 0 0 0 0 0 0.212045 -5.42887e-06
0.00855 -0.51341 0 0.513402 0 0 0 0 0 0.21204 -5.38709e-06
0.0086 -0.513463 0 0.513452 0 0 0 0 0 0.212035 -5.40988e-06
0.00865 -0.513513 0 0.513502 0 0 0 0 0 0.212031 -5.4328e-06
0.0087 -0.513565 0 0.513553 0 0 0 0 0 0.212026 -5.45585e-06
0.00875 -0.513616 0 0.513603 0 0 0 0 0 0.212021 -5.4791e-06
0.0088 -0.513668 0 0.513655 0 0 0 0 0 0.212017 -5.50251e-06
0.00885 -0.51372 0 0.513705 0 0 0 0 0 0.212012 -5.52612e-06
0.0089 -0.513772 0 0.513757 0 0 0 0 0 0.212007 -5.5499e-06
0.00895 -0.513824 0 0.513807 0 0 0 0 0 0.212002 -5.57388e-06
0.009 -0.513876 0 0.513859 0 0 0 0 0 0.211997 -5.59803e-06
0.00905 -0.513927 0 0.513922 0 0 0 0 0 0.211993 -5.41012e-06
0.0091 -0.51398 0 0.513974 0 0 0 0 0 0.211988 -5.43469e-06
0.00915 -0.514031 0 0.514021 0 0 0 0 0 0.211983 -5.45947e-06
0.0092 -0.514082 0 0.514071 0 0 0 0 0 0.211978 -5.4844e-06
0.00925 -0.514133 0 0.514119 0 0 0 0 0 0.211973 -5.50954e-06
0.0093 -0.514184 0 0.514169 0 0 0 0 0 0.211968 -5.53486e-06
0.00935 -0.514235 0 0.514218 0 0 0 0 0 0.211963 -5.56038e-06
0.0094 -0.514286 0 0.514268 0 0 0 0 0 0.211958 -5.58608e-06
0.00945 -0.514337 0 0.514317 0 0 0 0 0 0.211953 -5.61198e-06
0.0095 -0.514388 0 0.514367 0 0 0 0 0 0.211948 -5.63807e-06
0.00955 -0.514387 0 0.51446 0 0 0 0 0 0.211943 -5.28797e-06
0.0096 -0.514431 0 0.5145 0 0 0 0 0 0.211938 -5.31446e-06
0.00965 -0.514486 0 0.514543 0 0 0 0 0 0.211933 -5.34117e-06
0.0097 -0.514532 0 0.51459 0 0 0 0 0 0.211928 -5.3681e-06
0.00975 -0.514586 0 0.514635 0 0 0 0 0 0.211923 -5.39528e-06
0.0098 -0.514632 0 0.514682 0 0 0 0 0 0.211918 -5.42269e-06
0.00985 -0.514685 0 0.514728 0 0 0 0 0 0.211913 -5.45034e-06
0.0099 -0.514733 0 0.514776 0 0 0 0 0 0.211907 -5.47823e-06
0.00995 -0.514785 0 0.514822 0 0 0 0 0 0.211902 -5.50637e-06
0.01 -0.514833 0 0.51487 0 0 0 0 0 0.211897 -5.53475e-06
0.01005 -0.514901 0 0.514945 0 0 0 0 0 0.211892 -5.55394e-06
0.0101 -0.514949 0 0.514992 0 0 0 0 0 0.211887 -5.58285e-06
0.01015 -0.514997 0 0.515035 0 0 0 0 0 0.211881 -5.61206e-06
0.0102 -0.515044 0 0.515083 0 0 0 0 0 0.211876 -5.6415e-06
