# t, xL, yL, xR, yR, theta_L [deg], thetaS_L [deg], theta_R [deg], thetaS_R [deg], ycom, xcom
5e-05 -0.503695 0 0.503611 0 0 0 0 0 0.212481 -1.97404e-07
0.0001 -0.505652 0 0.505636 0 0 0 0 0 0.212469 -1.99289e-07
0.00015 -0.506817 0 0.506876 0 0 0 0 0 0.212463 -2.12475e-07
0.0002 -0.507911 0 0.507983 0 0 0 0 0 0.21246 -2.61504e-07
0.00025 -0.50873 0 0.508783 0 0 0 0 0 0.212463 -3.65351e-07
0.0003 -0.509581 0 0.509594 0 0 0 0 0 0.212469 -4.82559e-07
0.00035 -0.510239 0 0.510246 0 0 0 0 0 0.212477 -5.39923e-07
0.0004 -0.510901 0 0.510921 0 0 0 0 0 0.212485 -5.63864e-07
0.00045 -0.511438 0 0.511467 0 0 0 0 0 0.212495 -6.23235e-07
0.0005 -0.511993 0 0.512026 0 0 0 0 0 0.212504 -6.71488e-07
0.00055 -0.512425 0 0.512493 0 0 0 0 0 0.212515 -2.02294e-06
0.0006 -0.512935 0 0.512995 0 0 0 0 0 0.212524 -2.08609e-06
0.00065 -0.513374 0 0.513435 0 0 0 0 0 0.212532 -2.11763e-06
0.0007 -0.513825 0 0.513893 0 0 0 0 0 0.21254 -2.12388e-06
0.00075 -0.514217 0 0.51429 0 0 0 0 0 0.212547 -2.12311e-06
0.0008 -0.514621 0 0.514697 0 0 0 0 0 0.212553 -2.06837e-06
0.00085 -0.514979 0 0.515058 0 0 0 0 0 0.212558 -2.08776e-06
0.0009 -0.515348 0 0.515429 0 0 0 0 0 0.212563 -2.1563e-06
0.00095 -0.515681 0 0.515763 0 0 0 0 0 0.212566 -2.17894e-06
0.001 -0.516025 0 0.516108 0 0 0 0 0 0.212568 -2.23491e-06
0.00105 -0.516434 0 0.516427 0 0 0 0 0 0.21257 -2.87374e-06
0.0011 -0.516769 0 0.516747 0 0 0 0 0 0.21257 -2.92024e-06
0.00115 -0.517072 0 0.517046 0 0 0 0 0 0.212569 -2.97566e-06
0.0012 -0.517387 0 0.517367 0 0 0 0 0 0.212567 -2.99925e-06
0.00125 -0.517674 0 0.517661 0 0 0 0 0 0.212565 -3.02631e-06
0.0013 -0.517969 0 0.517962 0 0 0 0 0 0.212561 -3.04117e-06
0.00135 -0.518241 0 0.51824 0 0 0 0 0 0.212557 -3.08005e-06
0.0014 -0.518519 0 0.518523 0 0 0 0 0 0.212552 -3.14777e-06
0.00145 -0.518779 0 0.518786 0 0 0 0 0 0.212546 -3.18905e-06
0.0015 -0.519044 0 0.519053 0 0 0 0 0 0.212539 -3.24151e-06
0.00155 -0.5193 0 0.519337 0 0 0 0 0 0.212531 -3.12502e-06
0.0016 -0.51955 0 0.519587 0 0 0 0 0 0.212522 -3.1698e-06
0.00165 -0.519789 0 0.519824 0 0 0 0 0 0.212513 -3.2212e-06
0.0017 -0.520041 0 0.520072 0 0 0 0 0 0.212503 -3.26612e-06
0.00175 -0.520282 0 0.520309 0 0 0 0 0 0.212492 -3.2874e-06
0.0018 -0.520527 0 0.520552 0 0 0 0 0 0.212481 -3.32339e-06
0.00185 -0.520759 0 0.520788 0 0 0 0 0 0.212469 -3.39013e-06
0.0019 -0.520992 0 0.521027 0 0 0 0 0 0.212457 -3.46563e-06
0.00195 -0.521215 0 0.521257 0 0 0 0 0 0.212444 -3.52935e-06
0.002 -0.521438 0 0.521486 0 0 0 0 0 0.21243 -3.59667e-06
0.00205 -0.521661 0 0.521684 0 0 0 0 0 0.212416 -3.58525e-06
0.0021 -0.521868 0 0.521891 0 0 0 0 0 0.212401 -3.64561e-06
0.00215 -0.522072 0 0.522095 0 0 0 0 0 0.212386 -3.71308e-06
0.0022 -0.522286 0 0.522306 0 0 0 0 0 0.21237 -3.78557e-06
0.00225 -0.522493 0 0.522511 0 0 0 0 0 0.212354 -3.84091e-06
0.0023 -0.522706 0 0.522719 0 0 0 0 0 0.212337 -3.90865e-06
0.00235 -0.522912 0 0.522924 0 0 0 0 0 0.21232 -3.99983e-06
0.0024 -0.523116 0 0.52313 0 0 0 0 0 0.212302 -4.08519e-06
0.00245 -0.523315 0 0.523333 0 0 0 0 0 0.212285 -4.15665e-06
0.0025 -0.523512 0 0.523537 0 0 0 0 0 0.212266 -4.23116e-06
0.00255 -0.523704 0 0.523761 0 0 0 0 0 0.212247 -3.7913e-06
0.0026 -0.523883 0 0.523949 0 0 0 0 0 0.212228 -3.85681e-06
0.00265 -0.52406 0 0.524133 0 0 0 0 0 0.212208 -3.92353e-06
0.0027 -0.524244 0 0.52432 0 0 0 0 0 0.212189 -3.99358e-06
0.00275 -0.524424 0 0.524502 0 0 0 0 0 0.212169 -4.0443e-06
0.0028 -0.524606 0 0.524684 0 0 0 0 0 0.212148 -4.11814e-06
0.00285 -0.524786 0 0.524863 0 0 0 0 0 0.212128 -4.20812e-06
0.0029 -0.524967 0 0.525041 0 0 0 0 0 0.212107 -4.29023e-06
0.00295 -0.525147 0 0.525216 0 0 0 0 0 0.212085 -4.37629e-06
0.003 -0.525327 0 0.525389 0 0 0 0 0 0.212064 -4.45892e-06
0.00305 -0.52554 0 0.52559 0 0 0 0 0 0.212041 -4.9363e-06
0.0031 -0.525706 0 0.525758 0 0 0 0 0 0.212019 -5.01415e-06
0.00315 -0.525873 0 0.525923 0 0 0 0 0 0.211997 -5.08121e-06
0.0032 -0.526041 0 0.526093 0 0 0 0 0 0.211975 -5.13467e-06
0.00325 -0.526207 0 0.52626 0 0 0 0 0 0.211952 -5.15275e-06
0.0033 -0.526371 0 0.526429 0 0 0 0 0 0.211929 -5.18609e-06
0.00335 -0.526535 0 0.526597 0 0 0 0 0 0.211906 -5.28377e-06
0.0034 -0.526696 0 0.526764 0 0 0 0 0 0.211883 -5.3935e-06
0.00345 -0.526857 0 0.526929 0 0 0 0 0 0.211859 -5.46869e-06
0.0035 -0.527016 0 0.527092 0 0 0 0 0 0.211836 -5.56257e-06
0.00355 -0.52716 0 0.527238 0 0 0 0 0 0.211811 -5.70832e-06
0.0036 -0.527324 0 0.527389 0 0 0 0 0 0.211787 -5.80738e-06
0.00365 -0.52749 0 0.527542 0 0 0 0 0 0.211763 -5.91382e-06
0.0037 -0.527658 0 0.5277 0 0 0 0 0 0.211739 -6.0423e-06
0.00375 -0.527822 0 0.527857 0 0 0 0 0 0.211714 -6.13219e-06
0.0038 -0.527984 0 0.528014 0 0 0 0 0 0.21169 -6.23812e-06
0.00385 -0.528144 0 0.528172 0 0 0 0 0 0.211665 -6.38702e-06
0.0039 -0.528302 0 0.528329 0 0 0 0 0 0.211641 -6.52879e-06
0.00395 -0.528459 0 0.528487 0 0 0 0 0 0.211616 -6.65487e-06
0.004 -0.528612 0 0.528644 0 0 0 0 0 0.211591 -6.78328e-06
0.00405 -0.52877 0 0.528811 0 0 0 0 0 0.211565 -6.80282e-06
0.0041 -0.528918 0 0.528954 0 0 0 0 0 0.211539 -6.93385e-06
0.00415 -0.529067 0 0.529099 0 0 0 0 0 0.211514 -7.05459e-06
0.0042 -0.529218 0 0.529246 0 0 0 0 0 0.211489 -7.18155e-06
0.00425 -0.529368 0 0.529395 0 0 0 0 0 0.211463 -7.27151e-06
0.0043 -0.529516 0 0.529542 0 0 0 0 0 0.211438 -7.37741e-06
0.00435 -0.529664 0 0.529691 0 0 0 0 0 0.211412 -7.52784e-06
0.0044 -0.529808 0 0.529839 0 0 0 0 0 0.211386 -7.65927e-06
0.00445 -0.529953 0 0.529987 0 0 0 0 0 0.211361 -7.77067e-06
0.0045 -0.530094 0 0.530132 0 0 0 0 0 0.211335 -7.89165e-06
0.00455 -0.53022 0 0.530279 0 0 0 0 0 0.211308 -8.18622e-06
0.0046 -0.530356 0 0.530412 0 0 0 0 0 0.211282 -8.29493e-06
0.00465 -0.530494 0 0.530549 0 0 0 0 0 0.211256 -8.3891e-06
0.0047 -0.530633 0 0.530687 0 0 0 0 0 0.21123 -8.46253e-06
0.00475 -0.530772 0 0.530827 0 0 0 0 0 0.211204 -8.48048e-06
0.0048 -0.530909 0 0.530966 0 0 0 0 0 0.211178 -8.52135e-06
0.00485 -0.531046 0 0.531108 0 0 0 0 0 0.211152 -8.63358e-06
0.0049 -0.53118 0 0.531245 0 0 0 0 0 0.211125 -8.73758e-06
0.00495 -0.531315 0 0.531384 0 0 0 0 0 0.211099 -8.80449e-06
0.005 -0.531446 0 0.531519 0 0 0 0 0 0.211073 -8.89064e-06
0.00505 -0.531605 0 0.531625 0 0 0 0 0 0.211046 -9.39909e-06
0.0051 -0.531735 0 0.531754 0 0 0 0 0 0.211019 -9.467e-06
0.00515 -0.531866 0 0.531887 0 0 0 0 0 0.210993 -9.52919e-06
0.0052 -0.531996 0 0.532021 0 0 0 0 0 0.210966 -9.57759e-06
0.00525 -0.532127 0 0.53216 0 0 0 0 0 0.21094 -9.57666e-06
0.0053 -0.532255 0 0.532296 0 0 0 0 0 0.210913 -9.59271e-06
0.00535 -0.532384 0 0.532432 0 0 0 0 0 0.210887 -9.65007e-06
0.0054 -0.532509 0 0.532564 0 0 0 0 0 0.21086 -9.72327e-06
0.00545 -0.532637 0 0.532698 0 0 0 0 0 0.210834 -9.77116e-06
0.0055 -0.53276 0 0.532827 0 0 0 0 0 0.210807 -9.80785e-06
0.00555 -0.532892 0 0.532945 0 0 0 0 0 0.21078 -1.05861e-05
0.0056 -0.53302 0 0.533066 0 0 0 0 0 0.210753 -1.06332e-05
0.00565 -0.533147 0 0.533191 0 0 0 0 0 0.210726 -1.06696e-05
0.0057 -0.533274 0 0.533315 0 0 0 0 0 0.2107 -1.0728e-05
0.00575 -0.533401 0 0.53344 0 0 0 0 0 0.210673 -1.07487e-05
0.0058 -0.533526 0 0.533563 0 0 0 0 0 0.210646 -1.07892e-05
0.00585 -0.533651 0 0.533687 0 0 0 0 0 0.21062 -1.08868e-05
0.0059 -0.533773 0 0.533807 0 0 0 0 0 0.210593 -1.09899e-05
0.00595 -0.533896 0 0.53393 0 0 0 0 0 0.210567 -1.10757e-05
0.006 -0.534016 0 0.534048 0 0 0 0 0 0.21054 -1.11581e-05
0.00605 -0.534152 0 0.534159 0 0 0 0 0 0.210512 -1.20027e-05
0.0061 -0.534269 0 0.534271 0 0 0 0 0 0.210486 -1.20925e-05
0.00615 -0.534388 0 0.534387 0 0 0 0 0 0.210459 -1.21523e-05
0.0062 -0.534506 0 0.534502 0 0 0 0 0 0.210433 -1.22121e-05
0.00625 -0.534625 0 0.534619 0 0 0 0 0 0.210406 -1.22357e-05
0.0063 -0.53474 0 0.534732 0 0 0 0 0 0.210379 -1.22726e-05
0.00635 -0.534858 0 0.534848 0 0 0 0 0 0.210353 -1.23614e-05
0.0064 -0.534972 0 0.534961 0 0 0 0 0 0.210326 -1.24456e-05
0.00645 -0.535088 0 0.535076 0 0 0 0 0 0.2103 -1.25158e-05
0.0065 -0.5352 0 0.535186 0 0 0 0 0 0.210273 -1.2575e-05
0.00655 -0.53534 0 0.535294 0 0 0 0 0 0.210246 -1.35599e-05
0.0066 -0.53545 0 0.535405 0 0 0 0 0 0.210219 -1.36347e-05
0.00665 -0.535561 0 0.535517 0 0 0 0 0 0.210193 -1.36808e-05
0.0067 -0.535672 0 0.535629 0 0 0 0 0 0.210166 -1.37375e-05
0.00675 -0.535784 0 0.535742 0 0 0 0 0 0.21014 -1.37323e-05
0.0068 -0.535893 0 0.535853 0 0 0 0 0 0.210113 -1.37238e-05
0.00685 -0.536004 0 0.535965 0 0 0 0 0 0.210087 -1.37956e-05
0.0069 -0.536112 0 0.536074 0 0 0 0 0 0.21006 -1.38612e-05
0.00695 -0.536222 0 0.536185 0 0 0 0 0 0.210034 -1.3889e-05
0.007 -0.536328 0 0.536292 0 0 0 0 0 0.210007 -1.39295e-05
0.00705 -0.536428 0 0.536415 0 0 0 0 0 0.20998 -1.45605e-05
0.0071 -0.536528 0 0.53652 0 0 0 0 0 0.209954 -1.45992e-05
0.00715 -0.536632 0 0.536628 0 0 0 0 0 0.209927 -1.46316e-05
0.0072 -0.536735 0 0.536732 0 0 0 0 0 0.209901 -1.46678e-05
0.00725 -0.53684 0 0.53684 0 0 0 0 0 0.209875 -1.46584e-05
0.0073 -0.536943 0 0.536943 0 0 0 0 0 0.209848 -1.4662e-05
0.00735 -0.537048 0 0.53705 0 0 0 0 0 0.209822 -1.47131e-05
0.0074 -0.537149 0 0.537152 0 0 0 0 0 0.209796 -1.4762e-05
0.00745 -0.537253 0 0.537257 0 0 0 0 0 0.20977 -1.4788e-05
0.0075 -0.537354 0 0.537358 0 0 0 0 0 0.209743 -1.48159e-05
0.00755 -0.537492 0 0.537485 0 0 0 0 0 0.209717 -1.51529e-05
0.0076 -0.53759 0 0.537584 0 0 0 0 0 0.20969 -1.51868e-05
0.00765 -0.53769 0 0.537686 0 0 0 0 0 0.209664 -1.52066e-05
0.0077 -0.537789 0 0.537785 0 0 0 0 0 0.209638 -1.52253e-05
0.00775 -0.537889 0 0.537887 0 0 0 0 0 0.209612 -1.52063e-05
0.0078 -0.537988 0 0.537985 0 0 0 0 0 0.209586 -1.51988e-05
0.00785 -0.538088 0 0.538086 0 0 0 0 0 0.20956 -1.52411e-05
0.0079 -0.538186 0 0.538184 0 0 0 0 0 0.209534 -1.52788e-05
0.00795 -0.538286 0 0.538284 0 0 0 0 0 0.209508 -1.52934e-05
0.008 -0.538382 0 0.53838 0 0 0 0 0 0.209482 -1.53138e-05
0.00805 -0.538529 0 0.538513 0 0 0 0 0 0.209455 -1.59089e-05
0.0081 -0.538622 0 0.538606 0 0 0 0 0 0.209429 -1.59274e-05
0.00815 -0.538717 0 0.538702 0 0 0 0 0 0.209403 -1.59262e-05
0.0082 -0.538812 0 0.538797 0 0 0 0 0 0.209377 -1.59291e-05
0.00825 -0.538908 0 0.538894 0 0 0 0 0 0.209351 -1.59172e-05
0.0083 -0.539003 0 0.538989 0 0 0 0 0 0.209325 -1.59072e-05
0.00835 -0.5391 0 0.539086 0 0 0 0 0 0.2093 -1.59277e-05
0.0084 -0.539194 0 0.53918 0 0 0 0 0 0.209274 -1.59598e-05
0.00845 -0.53929 0 0.539276 0 0 0 0 0 0.209248 -1.59665e-05
0.0085 -0.539384 0 0.53937 0 0 0 0 0 0.209222 -1.59719e-05
0.00855 -0.539503 0 0.539493 0 0 0 0 0 0.209196 -1.63599e-05
0.0086 -0.539585 0 0.539583 0 0 0 0 0 0.20917 -1.6367e-05
0.00865 -0.539674 0 0.539676 0 0 0 0 0 0.209144 -1.63634e-05
0.0087 -0.539765 0 0.539767 0 0 0 0 0 0.209119 -1.63617e-05
0.00875 -0.539857 0 0.539861 0 0 0 0 0 0.209093 -1.63333e-05
0.0088 -0.539948 0 0.539953 0 0 0 0 0 0.209068 -1.63078e-05
0.00885 -0.540041 0 0.540046 0 0 0 0 0 0.209042 -1.63092e-05
0.0089 -0.540132 0 0.540137 0 0 0 0 0 0.209016 -1.63055e-05
0.00895 -0.540225 0 0.54023 0 0 0 0 0 0.208991 -1.62883e-05
0.009 -0.540315 0 0.540321 0 0 0 0 0 0.208965 -1.62694e-05
0.00905 -0.54046 0 0.540455 0 0 0 0 0 0.208939 -1.67557e-05
0.0091 -0.540546 0 0.540538 0 0 0 0 0 0.208914 -1.67391e-05
0.00915 -0.540635 0 0.540625 0 0 0 0 0 0.208888 -1.67076e-05
0.0092 -0.540723 0 0.540712 0 0 0 0 0 0.208863 -1.66699e-05
0.00925 -0.540813 0 0.540801 0 0 0 0 0 0.208838 -1.66038e-05
0.0093 -0.540902 0 0.540888 0 0 0 0 0 0.208812 -1.65375e-05
0.00935 -0.540992 0 0.540977 0 0 0 0 0 0.208787 -1.65199e-05
0.0094 -0.541079 0 0.541064 0 0 0 0 0 0.208762 -1.65149e-05
0.00945 -0.541169 0 0.541153 0 0 0 0 0 0.208736 -1.64794e-05
0.0095 -0.541256 0 0.54124 0 0 0 0 0 0.208711 -1.6446e-05
0.00955 -0.54136 0 0.541363 0 0 0 0 0 0.208686 -1.67197e-05
0.0096 -0.541445 0 0.541447 0 0 0 0 0 0.20866 -1.66952e-05
0.00965 -0.541532 0 0.541532 0 0 0 0 0 0.208635 -1.66524e-05
0.0097 -0.541618 0 0.541621 0 0 0 0 0 0.20861 -1.66067e-05
0.00975 -0.541706 0 0.54171 0 0 0 0 0 0.208585 -1.65099e-05
0.0098 -0.541791 0 0.541799 0 0 0 0 0 0.20856 -1.64128e-05
0.00985 -0.541879 0 0.541888 0 0 0 0 0 0.208535 -1.6375e-05
0.0099 -0.541964 0 0.541975 0 0 0 0 0 0.20851 -1.6333e-05
0.00995 -0.542051 0 0.542064 0 0 0 0 0 0.208485 -1.62521e-05
0.01 -0.542136 0 0.542151 0 0 0 0 0 0.20846 -1.61784e-05
