# t, xL, yL, xR, yR, theta_L [deg], thetaS_L [deg], theta_R [deg], thetaS_R [deg], ycom, xcom
5e-05 -0.501802 0 0.501758 0 0 0 0 0 0.21249 -1.97288e-07
0.0001 -0.502799 0 0.502736 0 0 0 0 0 0.212489 -1.97288e-07
0.00015 -0.503187 0 0.503114 0 0 0 0 0 0.212488 -1.97405e-07
0.0002 -0.503637 0 0.503559 0 0 0 0 0 0.212488 -1.97634e-07
0.00025 -0.5039 0 0.503813 0 0 0 0 0 0.212487 -1.97952e-07
0.0003 -0.504204 0 0.504124 0 0 0 0 0 0.212486 -1.9834e-07
0.00035 -0.504408 0 0.504332 0 0 0 0 0 0.212485 -1.98796e-07
0.0004 -0.504645 0 0.504583 0 0 0 0 0 0.212484 -1.99308e-07
0.00045 -0.504819 0 0.504765 0 0 0 0 0 0.212483 -1.99874e-07
0.0005 -0.505019 0 0.504983 0 0 0 0 0 0.212482 -2.00489e-07
0.00055 -0.505164 0 0.505177 0 0 0 0 0 0.212481 -1.64918e-06
0.0006 -0.505347 0 0.505352 0 0 0 0 0 0.21248 -1.64988e-06
0.00065 -0.505491 0 0.505491 0 0 0 0 0 0.212479 -1.65058e-06
0.0007 -0.505654 0 0.505651 0 0 0 0 0 0.212478 -1.6513e-06
0.00075 -0.50579 0 0.505783 0 0 0 0 0 0.212477 -1.65211e-06
0.0008 -0.505942 0 0.505932 0 0 0 0 0 0.212475 -1.653e-06
0.00085 -0.50607 0 0.506058 0 0 0 0 0 0.212474 -1.65399e-06
0.0009 -0.506211 0 0.506198 0 0 0 0 0 0.212473 -1.65506e-06
0.00095 -0.506333 0 0.506319 0 0 0 0 0 0.212471 -1.65623e-06
0.001 -0.506465 0 0.506452 0 0 0 0 0 0.21247 -1.65748e-06
0.00105 -0.506625 0 0.506583 0 0 0 0 0 0.212468 -2.25006e-06
0.0011 -0.506747 0 0.50671 0 0 0 0 0 0.212467 -2.25146e-06
0.00115 -0.506854 0 0.506819 0 0 0 0 0 0.212465 -2.25296e-06
0.0012 -0.506969 0 0.506938 0 0 0 0 0 0.212463 -2.25457e-06
0.00125 -0.507074 0 0.507046 0 0 0 0 0 0.212461 -2.25633e-06
0.0013 -0.507187 0 0.507162 0 0 0 0 0 0.21246 -2.2582e-06
0.00135 -0.507289 0 0.507268 0 0 0 0 0 0.212458 -2.2602e-06
0.0014 -0.507398 0 0.507381 0 0 0 0 0 0.212456 -2.26233e-06
0.00145 -0.507498 0 0.507485 0 0 0 0 0 0.212454 -2.26457e-06
0.0015 -0.507604 0 0.507595 0 0 0 0 0 0.212452 -2.26694e-06
0.00155 -0.507697 0 0.507723 0 0 0 0 0 0.212451 -1.84785e-06
0.0016 -0.507798 0 0.50783 0 0 0 0 0 0.212449 -1.8503e-06
0.00165 -0.507897 0 0.507927 0 0 0 0 0 0.212447 -1.85293e-06
0.0017 -0.507999 0 0.508029 0 0 0 0 0 0.212444 -1.85569e-06
0.00175 -0.508097 0 0.508124 0 0 0 0 0 0.212442 -1.8585e-06
0.0018 -0.508199 0 0.508224 0 0 0 0 0 0.21244 -1.86138e-06
0.00185 -0.508295 0 0.508318 0 0 0 0 0 0.212438 -1.86431e-06
0.0019 -0.508394 0 0.508415 0 0 0 0 0 0.212436 -1.86728e-06
0.00195 -0.508488 0 0.508507 0 0 0 0 0 0.212433 -1.87032e-06
0.002 -0.508584 0 0.508602 0 0 0 0 0 0.212431 -1.87339e-06
0.00205 -0.508664 0 0.508694 0 0 0 0 0 0.212429 -1.59391e-06
0.0021 -0.508753 0 0.508782 0 0 0 0 0 0.212427 -1.59704e-06
0.00215 -0.508842 0 0.50887 0 0 0 0 0 0.212424 -1.60026e-06
0.0022 -0.508929 0 0.50896 0 0 0 0 0 0.212422 -1.60351e-06
0.00225 -0.509017 0 0.509048 0 0 0 0 0 0.212419 -1.60678e-06
0.0023 -0.509104 0 0.509138 0 0 0 0 0 0.212417 -1.61007e-06
0.00235 -0.509191 0 0.509227 0 0 0 0 0 0.212414 -1.61339e-06
0.0024 -0.509276 0 0.509317 0 0 0 0 0 0.212412 -1.61673e-06
0.00245 -0.509362 0 0.509404 0 0 0 0 0 0.212409 -1.6201e-06
0.0025 -0.509447 0 0.509494 0 0 0 0 0 0.212406 -1.62349e-06
0.00255 -0.509559 0 0.509587 0 0 0 0 0 0.212404 -1.68179e-06
0.0026 -0.50965 0 0.509666 0 0 0 0 0 0.212401 -1.68525e-06
0.00265 -0.509734 0 0.50975 0 0 0 0 0 0.212399 -1.68883e-06
0.0027 -0.509817 0 0.509834 0 0 0 0 0 0.212396 -1.69242e-06
0.00275 -0.5099 0 0.509918 0 0 0 0 0 0.212393 -1.696e-06
0.0028 -0.509982 0 0.510003 0 0 0 0 0 0.21239 -1.69961e-06
0.00285 -0.510065 0 0.510087 0 0 0 0 0 0.212387 -1.70322e-06
0.0029 -0.510146 0 0.510173 0 0 0 0 0 0.212384 -1.70687e-06
0.00295 -0.510227 0 0.510256 0 0 0 0 0 0.212381 -1.71055e-06
0.003 -0.510307 0 0.510341 0 0 0 0 0 0.212378 -1.71426e-06
0.00305 -0.510386 0 0.51037 0 0 0 0 0 0.212375 -2.05002e-06
0.0031 -0.510464 0 0.510443 0 0 0 0 0 0.212372 -2.05382e-06
0.00315 -0.51054 0 0.510519 0 0 0 0 0 0.212369 -2.05769e-06
0.0032 -0.510615 0 0.510595 0 0 0 0 0 0.212366 -2.06156e-06
0.00325 -0.510692 0 0.510671 0 0 0 0 0 0.212363 -2.06543e-06
0.0033 -0.510768 0 0.510748 0 0 0 0 0 0.21236 -2.06932e-06
0.00335 -0.510845 0 0.510824 0 0 0 0 0 0.212356 -2.07322e-06
0.0034 -0.51092 0 0.510901 0 0 0 0 0 0.212353 -2.07714e-06
0.00345 -0.510997 0 0.510977 0 0 0 0 0 0.21235 -2.08109e-06
0.0035 -0.511072 0 0.511054 0 0 0 0 0 0.212346 -2.08506e-06
0.00355 -0.511139 0 0.511186 0 0 0 0 0 0.212343 -2.09483e-06
0.0036 -0.511213 0 0.511259 0 0 0 0 0 0.21234 -2.09892e-06
0.00365 -0.511288 0 0.511331 0 0 0 0 0 0.212336 -2.10312e-06
0.0037 -0.51136 0 0.511404 0 0 0 0 0 0.212333 -2.10732e-06
0.00375 -0.511437 0 0.511477 0 0 0 0 0 0.212329 -2.11149e-06
0.0038 -0.51151 0 0.511551 0 0 0 0 0 0.212326 -2.11569e-06
0.00385 -0.511587 0 0.511624 0 0 0 0 0 0.212322 -2.11989e-06
0.0039 -0.51166 0 0.511697 0 0 0 0 0 0.212319 -2.12411e-06
0.00395 -0.511737 0 0.511771 0 0 0 0 0 0.212315 -2.12835e-06
0.004 -0.51181 0 0.511844 0 0 0 0 0 0.212311 -2.13263e-06
0.00405 -0.511956 0 0.511984 0 0 0 0 0 0.212308 -2.10003e-06
0.0041 -0.512031 0 0.512051 0 0 0 0 0 0.212304 -2.10437e-06
0.00415 -0.512104 0 0.512121 0 0 0 0 0 0.2123 -2.10875e-06
0.0042 -0.512175 0 0.51219 0 0 0 0 0 0.212297 -2.11318e-06
0.00425 -0.512247 0 0.512261 0 0 0 0 0 0.212293 -2.11767e-06
0.0043 -0.512318 0 0.512331 0 0 0 0 0 0.212289 -2.12223e-06
0.00435 -0.51239 0 0.512403 0 0 0 0 0 0.212285 -2.12687e-06
0.0044 -0.51246 0 0.512473 0 0 0 0 0 0.212281 -2.1316e-06
0.00445 -0.512531 0 0.512543 0 0 0 0 0 0.212277 -2.1364e-06
0.0045 -0.512601 0 0.512613 0 0 0 0 0 0.212273 -2.14129e-06
0.00455 -0.512654 0 0.512684 0 0 0 0 0 0.21227 -2.35991e-06
0.0046 -0.512718 0 0.512752 0 0 0 0 0 0.212266 -2.365e-06
0.00465 -0.512787 0 0.512819 0 0 0 0 0 0.212262 -2.37018e-06
0.0047 -0.512852 0 0.512886 0 0 0 0 0 0.212257 -2.37546e-06
0.00475 -0.512923 0 0.512954 0 0 0 0 0 0.212253 -2.38084e-06
0.0048 -0.51299 0 0.513022 0 0 0 0 0 0.212249 -2.38634e-06
0.00485 -0.513061 0 0.51309 0 0 0 0 0 0.212245 -2.39196e-06
0.0049 -0.513128 0 0.513158 0 0 0 0 0 0.212241 -2.3977e-06
0.00495 -0.513199 0 0.513227 0 0 0 0 0 0.212237 -2.40356e-06
0.005 -0.513267 0 0.513295 0 0 0 0 0 0.212233 -2.40954e-06
0.00505 -0.513348 0 0.513382 0 0 0 0 0 0.212229 -2.02708e-06
0.0051 -0.513417 0 0.513447 0 0 0 0 0 0.212224 -2.03327e-06
0.00515 -0.513485 0 0.513513 0 0 0 0 0 0.21222 -2.03964e-06
0.0052 -0.51355 0 0.513578 0 0 0 0 0 0.212216 -2.04613e-06
0.00525 -0.513619 0 0.513646 0 0 0 0 0 0.212211 -2.0527e-06
0.0053 -0.513685 0 0.513711 0 0 0 0 0 0.212207 -2.05939e-06
0.00535 -0.513754 0 0.513779 0 0 0 0 0 0.212202 -2.06618e-06
0.0054 -0.513821 0 0.513845 0 0 0 0 0 0.212198 -2.07309e-06
0.00545 -0.51389 0 0.513913 0 0 0 0 0 0.212194 -2.0801e-06
0.0055 -0.513957 0 0.513979 0 0 0 0 0 0.212189 -2.08723e-06
0.00555 -0.514032 0 0.514093 0 0 0 0 0 0.212185 -1.76338e-06
0.0056 -0.5141 0 0.514151 0 0 0 0 0 0.21218 -1.77077e-06
0.00565 -0.514166 0 0.514215 0 0 0 0 0 0.212175 -1.77838e-06
0.0057 -0.51423 0 0.514276 0 0 0 0 0 0.212171 -1.78611e-06
0.00575 -0.514297 0 0.514341 0 0 0 0 0 0.212166 -1.79393e-06
0.0058 -0.514361 0 0.514404 0 0 0 0 0 0.212162 -1.8019e-06
0.00585 -0.514429 0 0.514469 0 0 0 0 0 0.212157 -1.80999e-06
0.0059 -0.514494 0 0.514532 0 0 0 0 0 0.212152 -1.81822e-06
0.00595 -0.514561 0 0.514597 0 0 0 0 0 0.212148 -1.82658e-06
0.006 -0.514626 0 0.51466 0 0 0 0 0 0.212143 -1.83507e-06
0.00605 -0.514705 0 0.514733 0 0 0 0 0 0.212138 -1.81683e-06
0.0061 -0.514763 0 0.514793 0 0 0 0 0 0.212133 -1.8256e-06
0.00615 -0.51483 0 0.514857 0 0 0 0 0 0.212129 -1.83431e-06
0.0062 -0.514892 0 0.514917 0 0 0 0 0 0.212124 -1.84312e-06
0.00625 -0.514958 0 0.514982 0 0 0 0 0 0.212119 -1.8521e-06
0.0063 -0.515021 0 0.515045 0 0 0 0 0 0.212114 -1.86119e-06
0.00635 -0.515087 0 0.515111 0 0 0 0 0 0.212109 -1.87044e-06
0.0064 -0.515151 0 0.515174 0 0 0 0 0 0.212104 -1.87982e-06
0.00645 -0.515217 0 0.51524 0 0 0 0 0 0.212099 -1.88934e-06
0.0065 -0.51528 0 0.515304 0 0 0 0 0 0.212094 -1.899e-06
0.00655 -0.515361 0 0.515381 0 0 0 0 0 0.212089 -1.89744e-06
0.0066 -0.515415 0 0.515444 0 0 0 0 0 0.212084 -1.90741e-06
0.00665 -0.515479 0 0.515507 0 0 0 0 0 0.212079 -1.91737e-06
0.0067 -0.515538 0 0.515568 0 0 0 0 0 0.212074 -1.92743e-06
0.00675 -0.515602 0 0.515632 0 0 0 0 0 0.212069 -1.93768e-06
0.0068 -0.515663 0 0.515695 0 0 0 0 0 0.212064 -1.94805e-06
0.00685 -0.515727 0 0.51576 0 0 0 0 0 0.212058 -1.95859e-06
0.0069 -0.515789 0 0.515822 0 0 0 0 0 0.212053 -1.96927e-06
0.00695 -0.515852 0 0.515888 0 0 0 0 0 0.212048 -1.9801e-06
0.007 -0.515914 0 0.515951 0 0 0 0 0 0.212043 -1.99107e-06
0.00705 -0.515999 0 0.516021 0 0 0 0 0 0.212037 -1.78506e-06
0.0071 -0.516056 0 0.516083 0 0 0 0 0 0.212032 -1.79639e-06
0.00715 -0.516118 0 0.516145 0 0 0 0 0 0.212027 -1.80779e-06
0.0072 -0.516177 0 0.516206 0 0 0 0 0 0.212022 -1.81932e-06
0.00725 -0.516239 0 0.516269 0 0 0 0 0 0.212016 -1.83104e-06
0.0073 -0.516299 0 0.516331 0 0 0 0 0 0.212011 -1.8429e-06
0.00735 -0.516361 0 0.516395 0 0 0 0 0 0.212005 -1.85493e-06
0.0074 -0.516421 0 0.516457 0 0 0 0 0 0.212 -1.86711e-06
0.00745 -0.516484 0 0.516522 0 0 0 0 0 0.211995 -1.87946e-06
0.0075 -0.516544 0 0.516584 0 0 0 0 0 0.211989 -1.89195e-06
0.00755 -0.516622 0 0.516629 0 0 0 0 0 0.211984 -1.88742e-06
0.0076 -0.516682 0 0.516684 0 0 0 0 0 0.211978 -1.90025e-06
0.00765 -0.516742 0 0.516747 0 0 0 0 0 0.211972 -1.91327e-06
0.0077 -0.516801 0 0.516805 0 0 0 0 0 0.211967 -1.92644e-06
0.00775 -0.516862 0 0.516869 0 0 0 0 0 0.211961 -1.93977e-06
0.0078 -0.516922 0 0.516928 0 0 0 0 0 0.211956 -1.95328e-06
0.00785 -0.516983 0 0.516992 0 0 0 0 0 0.21195 -1.96696e-06
0.0079 -0.517043 0 0.517052 0 0 0 0 0 0.211944 -1.98081e-06
0.00795 -0.517105 0 0.517116 0 0 0 0 0 0.211939 -1.99484e-06
0.008 -0.517165 0 0.517177 0 0 0 0 0 0.211933 -2.00903e-06
0.00805 -0.51725 0 0.517224 0 0 0 0 0 0.211927 -2.49674e-06
0.0081 -0.517309 0 0.517277 0 0 0 0 0 0.211922 -2.51134e-06
0.00815 -0.517365 0 0.517336 0 0 0 0 0 0.211916 -2.526e-06
0.0082 -0.517422 0 0.517391 0 0 0 0 0 0.21191 -2.54077e-06
0.00825 -0.51748 0 0.517451 0 0 0 0 0 0.211904 -2.55567e-06
0.0083 -0.517537 0 0.517507 0 0 0 0 0 0.211898 -2.57072e-06
0.00835 -0.517595 0 0.517567 0 0 0 0 0 0.211892 -2.5859e-06
0.0084 -0.517652 0 0.517623 0 0 0 0 0 0.211887 -2.60123e-06
0.00845 -0.517711 0 0.517683 0 0 0 0 0 0.211881 -2.61669e-06
0.0085 -0.517768 0 0.51774 0 0 0 0 0 0.211875 -2.63229e-06
0.00855 -0.517811 0 0.517815 0 0 0 0 0 0.211869 -2.68604e-06
0.0086 -0.517872 0 0.517872 0 0 0 0 0 0.211863 -2.70198e-06
0.00865 -0.51793 0 0.517931 0 0 0 0 0 0.211857 -2.71802e-06
0.0087 -0.517988 0 0.517987 0 0 0 0 0 0.211851 -2.73418e-06
0.00875 -0.518047 0 0.518047 0 0 0 0 0 0.211845 -2.75046e-06
0.0088 -0.518104 0 0.518103 0 0 0 0 0 0.211839 -2.76688e-06
0.00885 -0.518163 0 0.518163 0 0 0 0 0 0.211833 -2.78343e-06
0.0089 -0.51822 0 0.518219 0 0 0 0 0 0.211827 -2.80012e-06
0.00895 -0.518279 0 0.518278 0 0 0 0 0 0.21182 -2.81694e-06
0.009 -0.518336 0 0.518334 0 0 0 0 0 0.211814 -2.8339e-06
0.00905 -0.518456 0 0.518419 0 0 0 0 0 0.211808 -2.6385e-06
0.0091 -0.518511 0 0.518477 0 0 0 0 0 0.211802 -2.65577e-06
0.00915 -0.518567 0 0.518534 0 0 0 0 0 0.211795 -2.67315e-06
0.0092 -0.51862 0 0.518589 0 0 0 0 0 0.211789 -2.69066e-06
0.00925 -0.518677 0 0.518648 0 0 0 0 0 0.211783 -2.70831e-06
