# t, xL, yL, xR, yR, theta_L [deg], thetaS_L [deg], theta_R [deg], thetaS_R [deg], ycom, xcom
5e-05 -0.501229 0 0.501198 0 0 0 0 0 0.21249 -1.97288e-07
0.0001 -0.501906 0 0.501857 0 0 0 0 0 0.21249 -1.97288e-07
0.00015 -0.502151 0 0.502095 0 0 0 0 0 0.212489 -1.97376e-07
0.0002 -0.502454 0 0.502395 0 0 0 0 0 0.212489 -1.97495e-07
0.00025 -0.502631 0 0.502568 0 0 0 0 0 0.212489 -1.97696e-07
0.0003 -0.502849 0 0.502784 0 0 0 0 0 0.212488 -1.9795e-07
0.00035 -0.503 0 0.502931 0 0 0 0 0 0.212488 -1.98297e-07
0.0004 -0.503181 0 0.50311 0 0 0 0 0 0.212487 -1.98708e-07
0.00045 -0.503318 0 0.503243 0 0 0 0 0 0.212487 -1.99213e-07
0.0005 -0.503478 0 0.503401 0 0 0 0 0 0.212486 -1.99785e-07
0.00055 -0.503571 0 0.503562 0 0 0 0 0 0.212486 -1.36251e-06
0.0006 -0.503724 0 0.503709 0 0 0 0 0 0.212485 -1.36325e-06
0.00065 -0.503843 0 0.503823 0 0 0 0 0 0.212484 -1.36404e-06
0.0007 -0.503979 0 0.503954 0 0 0 0 0 0.212484 -1.36487e-06
0.00075 -0.504093 0 0.504063 0 0 0 0 0 0.212483 -1.36582e-06
0.0008 -0.504222 0 0.504186 0 0 0 0 0 0.212482 -1.36686e-06
0.00085 -0.504333 0 0.504291 0 0 0 0 0 0.212481 -1.36802e-06
0.0009 -0.504454 0 0.504408 0 0 0 0 0 0.21248 -1.36928e-06
0.00095 -0.504561 0 0.504509 0 0 0 0 0 0.212479 -1.37066e-06
0.001 -0.504676 0 0.504622 0 0 0 0 0 0.212478 -1.37215e-06
0.00105 -0.504784 0 0.504749 0 0 0 0 0 0.212477 -2.01177e-06
0.0011 -0.504899 0 0.504861 0 0 0 0 0 0.212476 -2.01351e-06
0.00115 -0.504998 0 0.504956 0 0 0 0 0 0.212475 -2.01539e-06
0.0012 -0.505105 0 0.50506 0 0 0 0 0 0.212474 -2.01735e-06
0.00125 -0.505201 0 0.505152 0 0 0 0 0 0.212472 -2.01947e-06
0.0013 -0.505304 0 0.505253 0 0 0 0 0 0.212471 -2.0217e-06
0.00135 -0.505397 0 0.505344 0 0 0 0 0 0.21247 -2.02409e-06
0.0014 -0.505496 0 0.505442 0 0 0 0 0 0.212468 -2.0266e-06
0.00145 -0.505588 0 0.505532 0 0 0 0 0 0.212467 -2.02927e-06
0.0015 -0.505684 0 0.505628 0 0 0 0 0 0.212465 -2.03206e-06
0.00155 -0.505781 0 0.505779 0 0 0 0 0 0.212464 -1.97616e-06
0.0016 -0.505875 0 0.505872 0 0 0 0 0 0.212463 -1.97926e-06
0.00165 -0.505962 0 0.505958 0 0 0 0 0 0.212461 -1.98249e-06
0.0017 -0.506053 0 0.50605 0 0 0 0 0 0.212459 -1.98584e-06
0.00175 -0.506138 0 0.506135 0 0 0 0 0 0.212458 -1.98932e-06
0.0018 -0.506227 0 0.506225 0 0 0 0 0 0.212456 -1.99294e-06
0.00185 -0.50631 0 0.506308 0 0 0 0 0 0.212454 -1.9967e-06
0.0019 -0.506397 0 0.506397 0 0 0 0 0 0.212453 -2.0006e-06
0.00195 -0.506479 0 0.506479 0 0 0 0 0 0.212451 -2.00463e-06
0.002 -0.506564 0 0.506566 0 0 0 0 0 0.212449 -2.00879e-06
0.00205 -0.506664 0 0.506663 0 0 0 0 0 0.212448 -2.17663e-06
0.0021 -0.50674 0 0.506746 0 0 0 0 0 0.212446 -2.1811e-06
0.00215 -0.506822 0 0.506823 0 0 0 0 0 0.212444 -2.18562e-06
0.0022 -0.506905 0 0.506905 0 0 0 0 0 0.212442 -2.19022e-06
0.00225 -0.506987 0 0.506982 0 0 0 0 0 0.21244 -2.19493e-06
0.0023 -0.507071 0 0.507063 0 0 0 0 0 0.212438 -2.19972e-06
0.00235 -0.507152 0 0.507139 0 0 0 0 0 0.212436 -2.20461e-06
0.0024 -0.507235 0 0.507219 0 0 0 0 0 0.212434 -2.20959e-06
0.00245 -0.507315 0 0.507295 0 0 0 0 0 0.212432 -2.21465e-06
0.0025 -0.507396 0 0.507374 0 0 0 0 0 0.212429 -2.21979e-06
0.00255 -0.507421 0 0.507436 0 0 0 0 0 0.212428 -2.62738e-06
0.0026 -0.507491 0 0.507518 0 0 0 0 0 0.212425 -2.63274e-06
0.00265 -0.507569 0 0.507594 0 0 0 0 0 0.212423 -2.63811e-06
0.0027 -0.507646 0 0.507672 0 0 0 0 0 0.212421 -2.64353e-06
0.00275 -0.507724 0 0.507747 0 0 0 0 0 0.212419 -2.64904e-06
0.0028 -0.507802 0 0.507824 0 0 0 0 0 0.212416 -2.6546e-06
0.00285 -0.50788 0 0.507899 0 0 0 0 0 0.212414 -2.66023e-06
0.0029 -0.507959 0 0.507974 0 0 0 0 0 0.212411 -2.66592e-06
0.00295 -0.508037 0 0.508048 0 0 0 0 0 0.212409 -2.67167e-06
0.003 -0.508115 0 0.508123 0 0 0 0 0 0.212407 -2.67748e-06
0.00305 -0.50824 0 0.508209 0 0 0 0 0 0.212404 -2.9748e-06
0.0031 -0.50831 0 0.508286 0 0 0 0 0 0.212402 -2.98075e-06
0.00315 -0.508384 0 0.50836 0 0 0 0 0 0.212399 -2.9868e-06
0.0032 -0.508454 0 0.508435 0 0 0 0 0 0.212397 -2.99286e-06
0.00325 -0.508526 0 0.508508 0 0 0 0 0 0.212394 -2.99893e-06
0.0033 -0.508597 0 0.508583 0 0 0 0 0 0.212391 -3.00501e-06
0.00335 -0.508669 0 0.508657 0 0 0 0 0 0.212389 -3.01112e-06
0.0034 -0.508739 0 0.508732 0 0 0 0 0 0.212386 -3.01725e-06
0.00345 -0.50881 0 0.508806 0 0 0 0 0 0.212383 -3.02342e-06
0.0035 -0.50888 0 0.50888 0 0 0 0 0 0.21238 -3.02962e-06
0.00355 -0.508949 0 0.508955 0 0 0 0 0 0.212378 -3.17868e-06
0.0036 -0.509033 0 0.509024 0 0 0 0 0 0.212375 -3.18499e-06
0.00365 -0.509106 0 0.509092 0 0 0 0 0 0.212372 -3.1914e-06
0.0037 -0.50918 0 0.509163 0 0 0 0 0 0.212369 -3.19785e-06
0.00375 -0.509251 0 0.509233 0 0 0 0 0 0.212366 -3.2043e-06
0.0038 -0.509322 0 0.509304 0 0 0 0 0 0.212363 -3.21079e-06
0.00385 -0.509392 0 0.509374 0 0 0 0 0 0.21236 -3.21732e-06
0.0039 -0.509463 0 0.509446 0 0 0 0 0 0.212357 -3.22391e-06
0.00395 -0.509532 0 0.509516 0 0 0 0 0 0.212354 -3.23055e-06
0.004 -0.509602 0 0.509588 0 0 0 0 0 0.212351 -3.23725e-06
0.00405 -0.509676 0 0.509674 0 0 0 0 0 0.212348 -3.74722e-06
0.0041 -0.509736 0 0.509736 0 0 0 0 0 0.212345 -3.7541e-06
0.00415 -0.509803 0 0.509799 0 0 0 0 0 0.212342 -3.76118e-06
0.0042 -0.509867 0 0.509865 0 0 0 0 0 0.212339 -3.76838e-06
0.00425 -0.509933 0 0.50993 0 0 0 0 0 0.212336 -3.77571e-06
0.0043 -0.509997 0 0.509997 0 0 0 0 0 0.212332 -3.78319e-06
0.00435 -0.510063 0 0.510062 0 0 0 0 0 0.212329 -3.79082e-06
0.0044 -0.510127 0 0.510129 0 0 0 0 0 0.212326 -3.79861e-06
0.00445 -0.510193 0 0.510194 0 0 0 0 0 0.212322 -3.80657e-06
0.0045 -0.510257 0 0.510261 0 0 0 0 0 0.212319 -3.81469e-06
0.00455 -0.510327 0 0.510345 0 0 0 0 0 0.212316 -3.82691e-06
0.0046 -0.51039 0 0.510408 0 0 0 0 0 0.212313 -3.83542e-06
0.00465 -0.510456 0 0.51047 0 0 0 0 0 0.212309 -3.84417e-06
0.0047 -0.510519 0 0.510534 0 0 0 0 0 0.212306 -3.85308e-06
0.00475 -0.510584 0 0.510597 0 0 0 0 0 0.212302 -3.86207e-06
0.0048 -0.510647 0 0.510661 0 0 0 0 0 0.212299 -3.87121e-06
0.00485 -0.510712 0 0.510725 0 0 0 0 0 0.212295 -3.88046e-06
0.0049 -0.510775 0 0.51079 0 0 0 0 0 0.212292 -3.88987e-06
0.00495 -0.510839 0 0.510854 0 0 0 0 0 0.212288 -3.89942e-06
0.005 -0.510902 0 0.510919 0 0 0 0 0 0.212284 -3.90914e-06
0.00505 -0.511018 0 0.511004 0 0 0 0 0 0.212281 -4.16048e-06
0.0051 -0.51109 0 0.511064 0 0 0 0 0 0.212277 -4.17055e-06
0.00515 -0.51115 0 0.511125 0 0 0 0 0 0.212273 -4.1808e-06
0.0052 -0.511214 0 0.511187 0 0 0 0 0 0.21227 -4.19123e-06
0.00525 -0.511275 0 0.511249 0 0 0 0 0 0.212266 -4.20175e-06
0.0053 -0.511338 0 0.511311 0 0 0 0 0 0.212262 -4.21245e-06
0.00535 -0.511399 0 0.511373 0 0 0 0 0 0.212258 -4.22328e-06
0.0054 -0.511461 0 0.511435 0 0 0 0 0 0.212255 -4.23428e-06
0.00545 -0.511523 0 0.511497 0 0 0 0 0 0.212251 -4.24543e-06
0.0055 -0.511584 0 0.511559 0 0 0 0 0 0.212247 -4.25676e-06
0.00555 -0.511663 0 0.511603 0 0 0 0 0 0.212243 -4.57732e-06
0.0056 -0.511725 0 0.511658 0 0 0 0 0 0.212239 -4.58903e-06
0.00565 -0.511786 0 0.51172 0 0 0 0 0 0.212235 -4.60092e-06
0.0057 -0.511846 0 0.511779 0 0 0 0 0 0.212231 -4.61296e-06
0.00575 -0.511907 0 0.511841 0 0 0 0 0 0.212227 -4.62509e-06
0.0058 -0.511967 0 0.5119 0 0 0 0 0 0.212223 -4.63736e-06
0.00585 -0.512028 0 0.511962 0 0 0 0 0 0.212219 -4.64974e-06
0.0059 -0.512087 0 0.512022 0 0 0 0 0 0.212215 -4.66227e-06
0.00595 -0.512148 0 0.512084 0 0 0 0 0 0.212211 -4.67493e-06
0.006 -0.512207 0 0.512144 0 0 0 0 0 0.212207 -4.68775e-06
0.00605 -0.512266 0 0.512211 0 0 0 0 0 0.212203 -5.09341e-06
0.0061 -0.512323 0 0.512272 0 0 0 0 0 0.212199 -5.10662e-06
0.00615 -0.512385 0 0.512334 0 0 0 0 0 0.212194 -5.12004e-06
0.0062 -0.512444 0 0.512393 0 0 0 0 0 0.21219 -5.13369e-06
0.00625 -0.512505 0 0.512455 0 0 0 0 0 0.212186 -5.1475e-06
0.0063 -0.512565 0 0.512515 0 0 0 0 0 0.212182 -5.16152e-06
0.00635 -0.512627 0 0.512576 0 0 0 0 0 0.212177 -5.17573e-06
0.0064 -0.512686 0 0.512636 0 0 0 0 0 0.212173 -5.19013e-06
0.00645 -0.512748 0 0.512697 0 0 0 0 0 0.212169 -5.20472e-06
0.0065 -0.512808 0 0.512757 0 0 0 0 0 0.212164 -5.21951e-06
0.00655 -0.51294 0 0.512877 0 0 0 0 0 0.21216 -4.99335e-06
0.0066 -0.512996 0 0.512933 0 0 0 0 0 0.212156 -5.00852e-06
0.00665 -0.513057 0 0.512991 0 0 0 0 0 0.212151 -5.02385e-06
0.0067 -0.513113 0 0.513048 0 0 0 0 0 0.212147 -5.03932e-06
0.00675 -0.513173 0 0.513106 0 0 0 0 0 0.212142 -5.05491e-06
0.0068 -0.51323 0 0.513163 0 0 0 0 0 0.212138 -5.07065e-06
0.00685 -0.513288 0 0.513221 0 0 0 0 0 0.212133 -5.08654e-06
0.0069 -0.513345 0 0.513278 0 0 0 0 0 0.212129 -5.10259e-06
0.00695 -0.513404 0 0.513336 0 0 0 0 0 0.212124 -5.1188e-06
0.007 -0.513461 0 0.513393 0 0 0 0 0 0.21212 -5.13518e-06
0.00705 -0.513513 0 0.513461 0 0 0 0 0 0.212115 -5.25529e-06
0.0071 -0.513568 0 0.513513 0 0 0 0 0 0.21211 -5.27202e-06
0.00715 -0.513626 0 0.513574 0 0 0 0 0 0.212106 -5.28895e-06
0.0072 -0.513681 0 0.51363 0 0 0 0 0 0.212101 -5.30604e-06
0.00725 -0.513739 0 0.51369 0 0 0 0 0 0.212096 -5.32328e-06
0.0073 -0.513794 0 0.513747 0 0 0 0 0 0.212091 -5.34068e-06
0.00735 -0.513852 0 0.513807 0 0 0 0 0 0.212087 -5.35825e-06
0.0074 -0.513907 0 0.513864 0 0 0 0 0 0.212082 -5.37599e-06
0.00745 -0.513965 0 0.513923 0 0 0 0 0 0.212077 -5.3939e-06
0.0075 -0.51402 0 0.51398 0 0 0 0 0 0.212072 -5.41199e-06
0.00755 -0.514075 0 0.514077 0 0 0 0 0 0.212067 -5.2883e-06
0.0076 -0.514128 0 0.514128 0 0 0 0 0 0.212062 -5.30678e-06
0.00765 -0.514189 0 0.514183 0 0 0 0 0 0.212057 -5.32544e-06
0.0077 -0.514243 0 0.514237 0 0 0 0 0 0.212053 -5.3443e-06
0.00775 -0.514304 0 0.514292 0 0 0 0 0 0.212048 -5.36334e-06
0.0078 -0.514359 0 0.514346 0 0 0 0 0 0.212043 -5.3826e-06
0.00785 -0.51442 0 0.514402 0 0 0 0 0 0.212038 -5.40205e-06
0.0079 -0.514475 0 0.514456 0 0 0 0 0 0.212033 -5.4217e-06
0.00795 -0.514536 0 0.514511 0 0 0 0 0 0.212028 -5.44156e-06
0.008 -0.514592 0 0.514566 0 0 0 0 0 0.212023 -5.46162e-06
0.00805 -0.514654 0 0.51464 0 0 0 0 0 0.212017 -5.36316e-06
0.0081 -0.514709 0 0.514694 0 0 0 0 0 0.212012 -5.38366e-06
0.00815 -0.514768 0 0.514753 0 0 0 0 0 0.212007 -5.4043e-06
0.0082 -0.514822 0 0.514808 0 0 0 0 0 0.212002 -5.42508e-06
0.00825 -0.514879 0 0.514866 0 0 0 0 0 0.211997 -5.44601e-06
0.0083 -0.514933 0 0.514922 0 0 0 0 0 0.211992 -5.46711e-06
0.00835 -0.51499 0 0.51498 0 0 0 0 0 0.211986 -5.48838e-06
0.0084 -0.515043 0 0.515036 0 0 0 0 0 0.211981 -5.50981e-06
0.00845 -0.5151 0 0.515094 0 0 0 0 0 0.211976 -5.53143e-06
0.0085 -0.515153 0 0.515149 0 0 0 0 0 0.211971 -5.55322e-06
